0 0.530556 0.457813 0.080556 0.090625
0 0.577778 0.482812 0.063889 0.096875
0 0.732639 0.448828 0.059722 0.094531
0 0.785417 0.406641 0.056944 0.044531
0 0.847917 0.416797 0.056944 0.083594
0 0.866667 0.317969 0.066667 0.039062
0 0.900694 0.392188 0.031944 0.034375
0 0.595833 0.370312 0.041667 0.031250
0 0.452083 0.411328 0.037500 0.049219
0 0.495139 0.368750 0.040278 0.031250
0 0.405556 0.359766 0.058333 0.022656
0 0.350694 0.389453 0.043056 0.067969
0 0.319444 0.393750 0.038889 0.053125
0 0.261806 0.450391 0.048611 0.080469
0 0.204167 0.396094 0.033333 0.037500
0 0.091667 0.462891 0.058333 0.030469
0 0.352778 0.508594 0.030556 0.040625
0 0.289583 0.526563 0.040278 0.051562
0 0.444444 0.551562 0.038889 0.021875
0 0.244444 0.519922 0.030556 0.014844
0 0.204167 0.546094 0.027778 0.045312
0 0.040278 0.401953 0.055556 0.053906
0 0.086806 0.526563 0.020833 0.028125
