0 0.524306 0.407813 0.079167 0.079687
0 0.093056 0.476172 0.077778 0.080469
0 0.158333 0.457422 0.061111 0.050781
0 0.114583 0.408984 0.051389 0.044531
0 0.030556 0.468750 0.044444 0.037500
0 0.031250 0.535937 0.059722 0.043750
0 0.386806 0.573438 0.098611 0.098437
0 0.195833 0.591016 0.100000 0.060156
0 0.652778 0.537109 0.050000 0.053906
0 0.746528 0.572656 0.054167 0.078125
0 0.706944 0.573047 0.100000 0.116406
0 0.461806 0.550781 0.090278 0.092188
0 0.299306 0.479297 0.026389 0.025781
0 0.533333 0.234766 0.027778 0.021094
0 0.334028 0.526172 0.045833 0.022656
