0 0.338194 0.330078 0.029167 0.024219
0 0.643056 0.476172 0.058333 0.083594
0 0.749306 0.468359 0.095833 0.055469
0 0.527083 0.466406 0.054167 0.068750
0 0.556944 0.521484 0.033333 0.055469
0 0.286806 0.459766 0.081944 0.077344
0 0.393056 0.429688 0.075000 0.081250
0 0.388194 0.502344 0.068056 0.076563
0 0.455556 0.548828 0.088889 0.050781
0 0.018750 0.561719 0.034722 0.109375
0 0.025694 0.473438 0.031944 0.018750
0 0.160417 0.567578 0.043056 0.049219
0 0.981944 0.428125 0.033333 0.043750
0 0.880556 0.467187 0.075000 0.050000
