0 0.055556 0.459766 0.080556 0.039844
0 0.043056 0.494922 0.041667 0.030469
0 0.099306 0.532813 0.034722 0.040625
0 0.068056 0.546875 0.055556 0.065625
0 0.277778 0.503125 0.038889 0.031250
0 0.288194 0.447656 0.068056 0.067187
0 0.549306 0.442188 0.043056 0.034375
0 0.555556 0.482812 0.055556 0.034375
0 0.443056 0.476172 0.075000 0.024219
0 0.518056 0.367188 0.044444 0.028125
0 0.680556 0.434375 0.047222 0.071875
0 0.632639 0.500391 0.065278 0.053906
0 0.584028 0.538672 0.054167 0.033594
0 0.530556 0.548438 0.038889 0.014063
0 0.761806 0.480859 0.043056 0.058594
0 0.805556 0.471484 0.094444 0.063281
0 0.888194 0.496875 0.043056 0.040625
0 0.869444 0.520703 0.030556 0.061719
0 0.932639 0.539453 0.059722 0.052344
0 0.950694 0.503906 0.048611 0.028125
0 0.680556 0.492969 0.041667 0.035937
0 0.577778 0.409375 0.044444 0.015625
0 0.200694 0.429688 0.043056 0.053125
0 0.245833 0.425391 0.050000 0.021094
