0 0.059028 0.476172 0.115278 0.072656
0 0.135417 0.523047 0.106944 0.063281
0 0.344444 0.462500 0.150000 0.084375
0 0.452778 0.448437 0.116667 0.046875
0 0.474306 0.409766 0.115278 0.042969
0 0.696528 0.304688 0.054167 0.031250
0 0.774306 0.367188 0.095833 0.062500
0 0.841667 0.372656 0.047222 0.037500
0 0.472917 0.588672 0.081944 0.111719
0 0.541667 0.589063 0.083333 0.115625
0 0.732639 0.468359 0.068056 0.030469
0 0.666667 0.461719 0.058333 0.034375
0 0.793056 0.466016 0.047222 0.035156
0 0.880556 0.467969 0.105556 0.042188
0 0.966667 0.478125 0.063889 0.040625
0 0.574306 0.432812 0.031944 0.018750
0 0.286806 0.550781 0.056944 0.025000
