0 0.418056 0.556641 0.066667 0.088281
0 0.274306 0.340234 0.056944 0.061719
0 0.336806 0.369141 0.073611 0.082031
0 0.704861 0.308203 0.029167 0.025781
0 0.705556 0.353125 0.044444 0.025000
0 0.684028 0.380469 0.056944 0.046875
0 0.771528 0.400391 0.054167 0.063281
0 0.793056 0.362500 0.036111 0.056250
0 0.729167 0.411719 0.030556 0.043750
0 0.593056 0.397266 0.077778 0.055469
0 0.602083 0.442969 0.062500 0.082812
0 0.559028 0.460938 0.059722 0.037500
0 0.490972 0.464453 0.045833 0.024219
0 0.511806 0.547266 0.051389 0.049219
0 0.454167 0.432031 0.038889 0.056250
0 0.499306 0.403516 0.023611 0.017969
0 0.422917 0.442188 0.031944 0.017188
0 0.786806 0.494141 0.034722 0.024219
0 0.496528 0.559766 0.034722 0.080469
0 0.426389 0.525391 0.097222 0.039844
0 0.824306 0.457422 0.062500 0.035156
0 0.268056 0.444531 0.038889 0.056250
0 0.888889 0.488672 0.058333 0.080469
