0 0.027778 0.403516 0.052778 0.069531
0 0.093056 0.431250 0.058333 0.090625
0 0.138194 0.426172 0.048611 0.067969
0 0.202083 0.428516 0.070833 0.082031
0 0.161806 0.519922 0.056944 0.071094
0 0.054167 0.484766 0.052778 0.074219
0 0.218056 0.523438 0.077778 0.134375
0 0.275694 0.460547 0.084722 0.053906
0 0.290972 0.544531 0.065278 0.114062
0 0.339583 0.504297 0.051389 0.117969
0 0.381944 0.472266 0.069444 0.117969
0 0.480556 0.453125 0.061111 0.093750
0 0.431944 0.492188 0.047222 0.089063
0 0.558333 0.502344 0.061111 0.087500
0 0.647917 0.429688 0.090278 0.090625
0 0.804167 0.466016 0.047222 0.092969
0 0.834028 0.455859 0.043056 0.082031
0 0.750694 0.544531 0.104167 0.075000
0 0.837500 0.566016 0.058333 0.052344
0 0.497917 0.582422 0.073611 0.080469
0 0.106944 0.629687 0.041667 0.050000
0 0.146528 0.636328 0.040278 0.050781
