0 0.511806 0.401172 0.070833 0.086719
0 0.303472 0.357812 0.087500 0.078125
0 0.071528 0.428516 0.084722 0.086719
0 0.210417 0.459766 0.068056 0.091406
0 0.083333 0.504297 0.052778 0.071094
0 0.122917 0.487891 0.031944 0.044531
0 0.575694 0.417578 0.065278 0.066406
0 0.663194 0.389062 0.054167 0.040625
0 0.422917 0.404297 0.059722 0.091406
0 0.344444 0.398438 0.091667 0.078125
0 0.193056 0.423047 0.077778 0.066406
0 0.549306 0.475391 0.043056 0.033594
0 0.527778 0.512891 0.027778 0.024219
0 0.546528 0.531641 0.040278 0.044531
0 0.963194 0.419141 0.040278 0.053906
0 0.922917 0.413672 0.048611 0.025781
0 0.045833 0.372266 0.063889 0.025781
0 0.741667 0.492578 0.036111 0.025781
0 0.818056 0.521094 0.058333 0.059375
0 0.266667 0.420703 0.036111 0.047656
0 0.913194 0.485547 0.045833 0.027344
0 0.773611 0.359766 0.025000 0.016406
0 0.981250 0.395313 0.037500 0.031250
