0 0.026389 0.440625 0.050000 0.103125
0 0.159722 0.439063 0.063889 0.084375
0 0.027778 0.533203 0.052778 0.080469
0 0.391667 0.407422 0.058333 0.071094
0 0.386806 0.448828 0.056944 0.025781
0 0.222917 0.404297 0.048611 0.049219
0 0.214583 0.475000 0.062500 0.087500
0 0.268056 0.463281 0.058333 0.046875
0 0.097917 0.489453 0.056944 0.061719
0 0.141667 0.489063 0.044444 0.037500
0 0.746528 0.433984 0.059722 0.086719
0 0.799306 0.449219 0.081944 0.048438
0 0.831944 0.481641 0.044444 0.024219
0 0.972917 0.445312 0.054167 0.143750
0 0.459028 0.475391 0.068056 0.071094
0 0.400694 0.490625 0.043056 0.056250
0 0.502778 0.469922 0.055556 0.083594
0 0.546528 0.467578 0.043056 0.052344
0 0.693056 0.453516 0.047222 0.058594
0 0.110417 0.560156 0.056944 0.065625
0 0.524306 0.545703 0.062500 0.052344
