0 0.415972 0.395313 0.065278 0.084375
0 0.359028 0.448047 0.087500 0.063281
0 0.236806 0.434375 0.045833 0.065625
0 0.110417 0.466797 0.068056 0.061719
0 0.018056 0.473438 0.033333 0.043750
0 0.054167 0.541016 0.047222 0.063281
0 0.009028 0.579688 0.015278 0.062500
0 0.366667 0.507031 0.069444 0.057813
0 0.249306 0.481641 0.068056 0.033594
0 0.418056 0.480859 0.050000 0.035156
0 0.459028 0.492188 0.056944 0.095312
0 0.516667 0.516797 0.063889 0.080469
0 0.503472 0.560937 0.051389 0.025000
0 0.538194 0.478125 0.045833 0.025000
0 0.574306 0.507031 0.051389 0.051562
0 0.571528 0.433594 0.043056 0.028125
0 0.670833 0.455469 0.147222 0.068750
0 0.806944 0.448828 0.063889 0.055469
0 0.730556 0.510938 0.066667 0.075000
0 0.810417 0.511328 0.048611 0.055469
