0 0.039583 0.335938 0.076389 0.095312
0 0.125000 0.305469 0.088889 0.109375
0 0.221528 0.361328 0.034722 0.014844
0 0.406250 0.296094 0.045833 0.028125
0 0.495139 0.286719 0.093056 0.145313
0 0.797222 0.263281 0.058333 0.067187
0 0.727778 0.323828 0.077778 0.089844
0 0.731944 0.257812 0.047222 0.026562
0 0.806944 0.316406 0.072222 0.046875
0 0.904861 0.304688 0.034722 0.046875
0 0.967361 0.344141 0.065278 0.089844
0 0.513889 0.437109 0.044444 0.039844
0 0.618056 0.443359 0.058333 0.027344
0 0.682639 0.403906 0.031944 0.017188
0 0.404167 0.403906 0.047222 0.048438
