0 0.375694 0.508203 0.076389 0.097656
0 0.459028 0.494141 0.068056 0.075781
0 0.621528 0.431250 0.065278 0.093750
0 0.793056 0.445703 0.047222 0.072656
0 0.856944 0.435937 0.055556 0.043750
0 0.836806 0.476172 0.037500 0.022656
0 0.120139 0.570703 0.048611 0.046094
0 0.020139 0.503125 0.037500 0.046875
0 0.052778 0.425000 0.033333 0.037500
0 0.558333 0.485938 0.050000 0.068750
0 0.527778 0.421875 0.052778 0.040625
0 0.477778 0.403516 0.033333 0.017969
0 0.229167 0.431641 0.030556 0.036719
0 0.965278 0.501172 0.069444 0.049219
0 0.936806 0.523438 0.051389 0.021875
0 0.960417 0.440625 0.048611 0.034375
0 0.645833 0.557422 0.050000 0.017969
0 0.456944 0.559766 0.027778 0.017969
0 0.381944 0.376953 0.027778 0.014844
0 0.806250 0.558203 0.051389 0.038281
0 0.286806 0.476172 0.048611 0.049219
