0 0.654167 0.466406 0.069444 0.067187
0 0.689583 0.489453 0.062500 0.080469
0 0.919444 0.457813 0.061111 0.057813
0 0.779167 0.499609 0.047222 0.035156
0 0.732639 0.509766 0.059722 0.039844
0 0.586806 0.467578 0.070833 0.067969
0 0.593056 0.514844 0.036111 0.028125
0 0.561806 0.519531 0.034722 0.034375
0 0.518056 0.485547 0.063889 0.046094
0 0.391667 0.468750 0.066667 0.081250
0 0.333333 0.500000 0.058333 0.078125
0 0.266667 0.610547 0.055556 0.050781
0 0.395833 0.596094 0.050000 0.039062
0 0.366667 0.569531 0.069444 0.062500
0 0.096528 0.550000 0.068056 0.051562
0 0.188194 0.527734 0.043056 0.028906
0 0.088889 0.492188 0.066667 0.042188
0 0.297917 0.589063 0.043056 0.053125
