0 0.290972 0.455859 0.076389 0.094531
0 0.140278 0.471484 0.072222 0.060156
0 0.168056 0.553516 0.075000 0.092969
0 0.215278 0.501172 0.058333 0.064844
0 0.557639 0.463281 0.068056 0.087500
0 0.667361 0.361719 0.034722 0.025000
0 0.756944 0.458984 0.027778 0.017969
0 0.688194 0.555078 0.054167 0.064844
0 0.727083 0.556250 0.034722 0.048438
0 0.738194 0.605078 0.037500 0.046094
0 0.061806 0.488672 0.040278 0.055469
0 0.020139 0.475391 0.037500 0.058594
0 0.022222 0.521484 0.041667 0.035156
0 0.254861 0.491797 0.054167 0.083594
0 0.364583 0.510156 0.101389 0.034375
0 0.549306 0.513281 0.034722 0.034375
0 0.745833 0.489063 0.030556 0.050000
0 0.715278 0.496484 0.030556 0.017969
