0 0.605556 0.287891 0.127778 0.033594
0 0.543056 0.383594 0.166667 0.098437
0 0.246528 0.344922 0.137500 0.103906
0 0.324306 0.319922 0.054167 0.055469
0 0.036806 0.381641 0.070833 0.074219
0 0.135417 0.371875 0.123611 0.056250
0 0.249306 0.448047 0.126389 0.092969
0 0.374306 0.432422 0.118056 0.050781
0 0.699306 0.400000 0.140278 0.043750
0 0.905556 0.371875 0.136111 0.118750
0 0.668056 0.489063 0.063889 0.050000
0 0.597917 0.483594 0.062500 0.043750
0 0.045139 0.506250 0.087500 0.050000
0 0.172917 0.267969 0.068056 0.032813
0 0.986806 0.369922 0.023611 0.039844
