0 0.038194 0.479297 0.073611 0.086719
0 0.244444 0.475781 0.072222 0.068750
0 0.293750 0.422266 0.056944 0.021094
0 0.427778 0.446484 0.077778 0.071094
0 0.485417 0.414844 0.115278 0.035937
0 0.524306 0.469531 0.106944 0.081250
0 0.479167 0.500781 0.063889 0.031250
0 0.652778 0.492969 0.133333 0.098437
0 0.719444 0.501563 0.050000 0.076563
0 0.618056 0.422656 0.133333 0.039062
0 0.901389 0.483203 0.119444 0.125781
0 0.835417 0.463281 0.076389 0.059375
0 0.789583 0.482422 0.073611 0.050781
0 0.743750 0.607812 0.109722 0.123438
0 0.678472 0.574219 0.076389 0.046875
0 0.830556 0.662500 0.088889 0.075000
0 0.915972 0.656641 0.068056 0.075781
0 0.804167 0.597266 0.111111 0.058594
0 0.882639 0.596484 0.101389 0.050781
0 0.854861 0.399219 0.118056 0.040625
