0 0.065278 0.362500 0.127778 0.100000
0 0.102778 0.386719 0.116667 0.118750
0 0.224306 0.337891 0.084722 0.046094
0 0.476389 0.313672 0.063889 0.085156
0 0.416667 0.272266 0.091667 0.046094
0 0.734028 0.357422 0.065278 0.080469
0 0.830556 0.351172 0.055556 0.064844
0 0.636806 0.340625 0.068056 0.109375
0 0.681250 0.300391 0.062500 0.069531
0 0.530556 0.344922 0.077778 0.082031
0 0.599306 0.331250 0.045833 0.046875
0 0.236806 0.412500 0.048611 0.046875
0 0.204167 0.432812 0.069444 0.037500
0 0.855556 0.316016 0.047222 0.061719
0 0.947917 0.353516 0.068056 0.055469
0 0.924306 0.407813 0.054167 0.059375
0 0.636806 0.429688 0.045833 0.040625
0 0.849306 0.469141 0.040278 0.063281
0 0.807639 0.462891 0.040278 0.050781
0 0.979167 0.326562 0.041667 0.059375
0 0.696528 0.389062 0.034722 0.046875
