0 0.076389 0.378516 0.097222 0.057031
0 0.051389 0.464844 0.100000 0.100000
0 0.281944 0.392188 0.105556 0.070312
0 0.204167 0.384766 0.044444 0.027344
0 0.393750 0.415625 0.070833 0.096875
0 0.452778 0.407813 0.055556 0.093750
0 0.502778 0.408594 0.069444 0.092188
0 0.591667 0.437500 0.066667 0.065625
0 0.605556 0.329688 0.061111 0.034375
0 0.741667 0.365234 0.077778 0.058594
0 0.658333 0.347266 0.019444 0.008594
0 0.815278 0.393750 0.069444 0.084375
0 0.883333 0.354687 0.052778 0.065625
0 0.952778 0.360938 0.058333 0.064062
0 0.940972 0.450000 0.048611 0.046875
0 0.745833 0.458203 0.050000 0.039844
0 0.490972 0.528125 0.051389 0.068750
0 0.429167 0.492188 0.044444 0.043750
0 0.206944 0.478516 0.066667 0.053906
0 0.143056 0.483594 0.050000 0.035937
0 0.164583 0.524609 0.062500 0.050781
0 0.368056 0.505469 0.047222 0.017188
0 0.355556 0.543750 0.033333 0.018750
0 0.434028 0.534375 0.045833 0.043750
0 0.797222 0.512109 0.066667 0.066406
0 0.972917 0.519141 0.054167 0.083594
0 0.919444 0.488672 0.050000 0.028906
