0 0.080556 0.404297 0.077778 0.102344
0 0.182639 0.350781 0.073611 0.056250
0 0.181944 0.425000 0.077778 0.084375
0 0.243056 0.405859 0.052778 0.035156
0 0.109028 0.567187 0.054167 0.037500
0 0.636806 0.429688 0.056944 0.081250
0 0.836806 0.492578 0.070833 0.099219
0 0.929167 0.506641 0.080556 0.067969
0 0.821528 0.403516 0.056944 0.050781
0 0.745139 0.492969 0.084722 0.054688
0 0.509028 0.441016 0.112500 0.069531
0 0.493056 0.507031 0.063889 0.065625
0 0.439583 0.482031 0.037500 0.043750
0 0.349306 0.444922 0.076389 0.064844
0 0.399306 0.469922 0.043056 0.036719
0 0.333333 0.510547 0.086111 0.064844
0 0.558333 0.539062 0.047222 0.037500
0 0.436806 0.416016 0.045833 0.066406
0 0.040278 0.532813 0.044444 0.037500
0 0.288194 0.551953 0.043056 0.024219
0 0.235417 0.479687 0.043056 0.043750
0 0.254167 0.436328 0.041667 0.025781
0 0.038889 0.411328 0.027778 0.055469
