0 0.061806 0.404297 0.093056 0.060156
0 0.049306 0.456641 0.095833 0.052344
0 0.124306 0.460938 0.076389 0.037500
0 0.241667 0.448437 0.077778 0.087500
0 0.309722 0.448047 0.097222 0.072656
0 0.438889 0.437891 0.111111 0.089844
0 0.422917 0.460938 0.134722 0.043750
0 0.568056 0.425391 0.083333 0.064844
0 0.536806 0.425391 0.068056 0.103906
0 0.657639 0.423047 0.098611 0.091406
0 0.344444 0.548828 0.102778 0.060156
0 0.736806 0.516016 0.068056 0.049219
0 0.691667 0.528906 0.055556 0.071875
0 0.913889 0.446875 0.086111 0.078125
0 0.935417 0.505469 0.073611 0.048438
0 0.827083 0.462891 0.087500 0.063281
0 0.910417 0.573438 0.081944 0.046875
