0 0.161806 0.240625 0.084722 0.103125
0 0.086806 0.282422 0.093056 0.099219
0 0.355556 0.259375 0.083333 0.115625
0 0.502778 0.312500 0.097222 0.118750
0 0.599306 0.262500 0.059722 0.112500
0 0.968056 0.287891 0.061111 0.094531
0 0.947917 0.337891 0.093056 0.100781
0 0.393056 0.403516 0.086111 0.105469
0 0.649306 0.304688 0.081944 0.184375
0 0.729167 0.316016 0.069444 0.063281
0 0.718056 0.409766 0.047222 0.028906
0 0.129167 0.360547 0.066667 0.063281
0 0.068056 0.400000 0.097222 0.087500
0 0.009028 0.382031 0.015278 0.031250
0 0.290278 0.291016 0.091667 0.077344
0 0.316667 0.379688 0.105556 0.121875
0 0.280556 0.470313 0.050000 0.043750
0 0.416667 0.516797 0.055556 0.069531
0 0.885417 0.313672 0.037500 0.052344
0 0.515972 0.392188 0.079167 0.065625
0 0.491667 0.157031 0.033333 0.021875
0 0.068056 0.347266 0.041667 0.042969
0 0.432639 0.302344 0.062500 0.057813
