0 0.180556 0.526953 0.055556 0.083594
0 0.326389 0.491016 0.061111 0.055469
0 0.288889 0.524609 0.047222 0.066406
0 0.413194 0.478125 0.040278 0.040625
0 0.691667 0.429297 0.041667 0.049219
0 0.284722 0.660156 0.063889 0.070312
0 0.265278 0.700781 0.041667 0.046875
0 0.685417 0.542578 0.070833 0.092969
0 0.629167 0.482031 0.055556 0.053125
0 0.527778 0.492969 0.072222 0.059375
0 0.475694 0.536719 0.056944 0.071875
0 0.511806 0.574609 0.065278 0.078906
0 0.755556 0.529687 0.052778 0.062500
0 0.759722 0.467969 0.061111 0.029687
0 0.788194 0.548828 0.026389 0.025781
0 0.106944 0.507422 0.036111 0.033594
0 0.299306 0.588672 0.059722 0.033594
0 0.885417 0.511328 0.043056 0.024219
0 0.847917 0.638672 0.054167 0.027344
0 0.686806 0.628125 0.034722 0.015625
0 0.227778 0.504297 0.047222 0.049219
