0 0.618056 0.379688 0.113889 0.087500
0 0.493056 0.484375 0.130556 0.106250
0 0.149306 0.446875 0.106944 0.068750
0 0.043056 0.443750 0.083333 0.050000
0 0.011806 0.501563 0.020833 0.020313
0 0.855556 0.435156 0.088889 0.081250
0 0.630556 0.450000 0.061111 0.053125
0 0.702778 0.487500 0.119444 0.084375
0 0.568056 0.507812 0.080556 0.040625
0 0.901389 0.474219 0.150000 0.050000
0 0.924306 0.507812 0.115278 0.050000
0 0.586806 0.560156 0.070833 0.021875
0 0.265278 0.535547 0.072222 0.078906
0 0.260417 0.422266 0.126389 0.058594
0 0.386806 0.439063 0.115278 0.037500
0 0.179167 0.349609 0.041667 0.019531
0 0.422917 0.554297 0.051389 0.025781
0 0.786806 0.466016 0.020833 0.017969
