0 0.730556 0.257422 0.072222 0.069531
0 0.790278 0.262500 0.055556 0.062500
0 0.061806 0.314063 0.056944 0.070312
0 0.018056 0.369141 0.033333 0.078906
0 0.110417 0.363672 0.059722 0.030469
0 0.294444 0.318359 0.063889 0.069531
0 0.318056 0.379297 0.091667 0.117969
0 0.405556 0.379688 0.091667 0.137500
0 0.299306 0.451562 0.065278 0.037500
0 0.205556 0.478516 0.033333 0.036719
0 0.152778 0.493750 0.058333 0.078125
0 0.090278 0.466016 0.058333 0.082031
0 0.030556 0.482812 0.055556 0.093750
0 0.536806 0.336328 0.043056 0.049219
0 0.624306 0.300391 0.068056 0.036719
0 0.661806 0.366797 0.070833 0.082031
0 0.763889 0.312891 0.050000 0.038281
0 0.974306 0.385156 0.048611 0.037500
0 0.804167 0.363672 0.069444 0.061719
0 0.859028 0.389062 0.048611 0.065625
0 0.918056 0.386328 0.058333 0.060156
0 0.906944 0.448828 0.047222 0.049219
0 0.502778 0.396875 0.072222 0.043750
0 0.511806 0.441797 0.029167 0.025781
0 0.555556 0.456250 0.044444 0.037500
0 0.615278 0.481641 0.066667 0.063281
0 0.724306 0.471875 0.056944 0.062500
0 0.785417 0.476953 0.051389 0.055469
0 0.668056 0.475391 0.044444 0.035156
0 0.386806 0.482422 0.070833 0.053906
0 0.318056 0.483203 0.063889 0.028906
