0 0.785417 0.084375 0.043056 0.031250
0 0.943056 0.359375 0.066667 0.053125
0 0.074306 0.608203 0.068056 0.082031
0 0.020833 0.512891 0.038889 0.085156
0 0.069444 0.484766 0.069444 0.121094
0 0.181944 0.514453 0.044444 0.066406
0 0.241667 0.512500 0.077778 0.110937
0 0.314583 0.494922 0.073611 0.130469
0 0.240278 0.431641 0.072222 0.049219
0 0.366667 0.499609 0.019444 0.097656
0 0.427083 0.503125 0.084722 0.100000
0 0.501389 0.478906 0.061111 0.078125
0 0.609722 0.479297 0.075000 0.122656
0 0.681944 0.504297 0.066667 0.105469
0 0.780556 0.517188 0.091667 0.081250
0 0.856944 0.495703 0.091667 0.111719
0 0.931944 0.503125 0.044444 0.084375
0 0.977778 0.494531 0.036111 0.112500
