0 0.919444 0.566016 0.083333 0.075781
0 0.976389 0.584375 0.047222 0.028125
0 0.800694 0.567187 0.070833 0.025000
0 0.796528 0.473438 0.056944 0.037500
0 0.777083 0.423047 0.023611 0.019531
0 0.030556 0.429297 0.058333 0.082031
0 0.109028 0.472266 0.079167 0.053906
0 0.143056 0.501563 0.047222 0.039062
0 0.215278 0.494141 0.091667 0.064844
0 0.451389 0.504297 0.100000 0.097656
0 0.618056 0.510938 0.105556 0.089063
0 0.696528 0.497656 0.056944 0.046875
0 0.490278 0.580469 0.091667 0.045312
0 0.526389 0.625000 0.086111 0.093750
0 0.586806 0.591016 0.065278 0.049219
0 0.638194 0.586719 0.037500 0.025000
