0 0.082639 0.378906 0.087500 0.092188
0 0.211806 0.346094 0.056944 0.060937
0 0.479167 0.317578 0.047222 0.067969
0 0.174306 0.462891 0.059722 0.082031
0 0.111806 0.413281 0.101389 0.046875
0 0.929167 0.369922 0.080556 0.082031
0 0.971528 0.392188 0.056944 0.132812
0 0.805556 0.393750 0.047222 0.071875
0 0.852778 0.366016 0.058333 0.071094
0 0.015278 0.447266 0.027778 0.044531
0 0.313194 0.412500 0.040278 0.031250
0 0.193056 0.398828 0.036111 0.035156
0 0.110417 0.462109 0.034722 0.017969
0 0.480556 0.436328 0.061111 0.058594
