0 0.011806 0.445312 0.020833 0.062500
0 0.070833 0.509766 0.077778 0.094531
0 0.076389 0.425391 0.066667 0.082031
0 0.158333 0.391016 0.108333 0.083594
0 0.153472 0.447656 0.068056 0.048438
0 0.241667 0.431641 0.108333 0.061719
0 0.254861 0.347656 0.037500 0.018750
0 0.384028 0.360938 0.090278 0.104688
0 0.349306 0.425000 0.073611 0.082812
0 0.406944 0.460156 0.055556 0.064062
0 0.490972 0.372656 0.076389 0.056250
0 0.475000 0.448828 0.061111 0.085156
0 0.532639 0.441406 0.054167 0.060937
0 0.613889 0.374219 0.069444 0.093750
0 0.968750 0.414453 0.062500 0.089844
0 0.643056 0.469141 0.080556 0.080469
0 0.684722 0.433203 0.072222 0.107031
0 0.756250 0.468750 0.062500 0.085938
0 0.784722 0.436328 0.080556 0.094531
0 0.859722 0.411328 0.061111 0.092969
0 0.926389 0.452344 0.077778 0.093750
