0 0.043056 0.332422 0.083333 0.089844
0 0.061806 0.391016 0.120833 0.086719
0 0.174306 0.398438 0.115278 0.068750
0 0.209028 0.382812 0.106944 0.053125
0 0.456250 0.354297 0.093056 0.086719
0 0.518056 0.337891 0.097222 0.083594
0 0.493056 0.246875 0.044444 0.021875
0 0.336806 0.347266 0.084722 0.058594
0 0.391667 0.350000 0.066667 0.034375
0 0.270139 0.406250 0.076389 0.068750
0 0.335417 0.426563 0.062500 0.050000
0 0.574306 0.376172 0.068056 0.069531
0 0.638889 0.364063 0.063889 0.056250
0 0.834028 0.481641 0.101389 0.075781
0 0.830556 0.398828 0.108333 0.074219
0 0.922917 0.412891 0.129167 0.078906
0 0.716667 0.383594 0.127778 0.043750
0 0.502778 0.474609 0.061111 0.055469
0 0.443056 0.497266 0.080556 0.055469
0 0.205556 0.481641 0.086111 0.030469
0 0.222917 0.525000 0.056944 0.056250
0 0.080556 0.486328 0.133333 0.049219
0 0.135417 0.516406 0.081944 0.034375
0 0.655556 0.481641 0.063889 0.025781
0 0.568056 0.478516 0.055556 0.019531
