0 0.946528 0.436328 0.106944 0.080469
0 0.705556 0.434375 0.088889 0.065625
0 0.788889 0.383594 0.088889 0.078125
0 0.539583 0.391016 0.104167 0.074219
0 0.597917 0.413672 0.076389 0.033594
0 0.441667 0.377344 0.094444 0.078125
0 0.344444 0.377734 0.091667 0.074219
0 0.243056 0.351953 0.066667 0.033594
0 0.094444 0.282422 0.119444 0.094531
0 0.077778 0.411719 0.152778 0.117188
0 0.086806 0.457813 0.109722 0.095312
0 0.186806 0.406641 0.068056 0.030469
0 0.261806 0.399219 0.068056 0.039062
0 0.150694 0.513281 0.043056 0.025000
0 0.121528 0.534375 0.048611 0.021875
0 0.466667 0.329688 0.050000 0.025000
0 0.430556 0.528906 0.072222 0.037500
0 0.148611 0.424219 0.052778 0.034375
