0 0.188889 0.464062 0.050000 0.056250
0 0.529167 0.498437 0.058333 0.096875
0 0.487500 0.488281 0.047222 0.054688
0 0.432639 0.475000 0.037500 0.029687
0 0.390972 0.433594 0.051389 0.062500
0 0.349306 0.458984 0.065278 0.069531
0 0.301389 0.455859 0.061111 0.035156
0 0.244444 0.492969 0.044444 0.093750
0 0.168056 0.523828 0.047222 0.063281
0 0.883333 0.478906 0.050000 0.056250
0 0.919444 0.538672 0.047222 0.060156
0 0.746528 0.475391 0.048611 0.030469
0 0.015278 0.373047 0.027778 0.049219
0 0.518056 0.397266 0.055556 0.039844
0 0.591667 0.412891 0.041667 0.060156
0 0.470833 0.431641 0.044444 0.032031
0 0.591667 0.501563 0.066667 0.098437
0 0.054861 0.486328 0.040278 0.021094
0 0.788889 0.481250 0.036111 0.023438
0 0.431250 0.434766 0.040278 0.036719
