0 0.040972 0.436719 0.079167 0.115625
0 0.147917 0.457813 0.056944 0.065625
0 0.111806 0.528125 0.056944 0.081250
0 0.481944 0.571875 0.036111 0.034375
0 0.534028 0.566797 0.040278 0.049219
0 0.555556 0.520703 0.083333 0.042969
0 0.632639 0.487500 0.059722 0.062500
0 0.668056 0.498437 0.038889 0.062500
0 0.705556 0.444922 0.080556 0.061719
0 0.639583 0.436719 0.051389 0.043750
0 0.725694 0.407422 0.054167 0.027344
0 0.775694 0.477344 0.068056 0.081250
0 0.812500 0.429688 0.050000 0.050000
0 0.859722 0.428516 0.050000 0.064844
0 0.955556 0.453516 0.063889 0.069531
0 0.893056 0.421484 0.069444 0.077344
0 0.146528 0.514453 0.043056 0.042969
0 0.013889 0.527344 0.025000 0.021875
0 0.434722 0.436719 0.038889 0.028125
0 0.363194 0.453906 0.037500 0.025000
