0 0.319444 0.425391 0.041667 0.042969
0 0.191667 0.419531 0.044444 0.043750
0 0.518056 0.429297 0.063889 0.108594
0 0.555556 0.377344 0.069444 0.068750
0 0.661806 0.348047 0.065278 0.071094
0 0.720833 0.341406 0.047222 0.050000
0 0.760417 0.360938 0.054167 0.071875
0 0.827778 0.362891 0.080556 0.069531
0 0.947917 0.550781 0.045833 0.046875
0 0.770139 0.554297 0.087500 0.066406
0 0.542361 0.518750 0.043056 0.032813
0 0.152083 0.578516 0.062500 0.088281
0 0.061806 0.547266 0.037500 0.058594
0 0.014583 0.596875 0.026389 0.071875
0 0.986806 0.476172 0.023611 0.050781
0 0.872917 0.417187 0.054167 0.050000
0 0.769444 0.429688 0.041667 0.018750
0 0.835417 0.498437 0.045833 0.025000
0 0.393056 0.427344 0.052778 0.059375
