0 0.954167 0.451562 0.069444 0.040625
0 0.974306 0.365234 0.048611 0.041406
0 0.884028 0.373828 0.087500 0.100781
0 0.786806 0.339844 0.056944 0.053125
0 0.706944 0.294531 0.077778 0.073438
0 0.707639 0.378125 0.062500 0.075000
0 0.583333 0.302734 0.091667 0.100781
0 0.511806 0.257031 0.040278 0.018750
0 0.519444 0.323437 0.069444 0.043750
0 0.455556 0.303516 0.038889 0.050781
0 0.252083 0.294531 0.048611 0.079687
0 0.221528 0.291016 0.020833 0.027344
0 0.007639 0.237891 0.012500 0.071094
0 0.075694 0.281641 0.070833 0.089844
0 0.105556 0.329688 0.080556 0.064062
0 0.059028 0.457422 0.068056 0.080469
0 0.036806 0.474219 0.056944 0.084375
0 0.395139 0.467187 0.048611 0.028125
0 0.295139 0.350000 0.076389 0.028125
0 0.302083 0.383203 0.087500 0.033594
0 0.286806 0.410938 0.076389 0.042188
0 0.549306 0.376172 0.079167 0.047656
0 0.434028 0.340234 0.037500 0.017969
0 0.627083 0.497656 0.031944 0.025000
