0 0.919444 0.316016 0.063889 0.063281
0 0.895833 0.408594 0.041667 0.031250
0 0.774306 0.391797 0.059722 0.088281
0 0.815972 0.304688 0.051389 0.045312
0 0.574306 0.378125 0.070833 0.087500
0 0.468056 0.369141 0.050000 0.089844
0 0.647917 0.360938 0.037500 0.035937
0 0.338889 0.377734 0.050000 0.069531
0 0.027778 0.379688 0.052778 0.084375
0 0.061806 0.380078 0.034722 0.063281
0 0.022917 0.208984 0.043056 0.069531
0 0.113194 0.319531 0.034722 0.021875
0 0.072917 0.155469 0.031944 0.028125
0 0.120139 0.409766 0.034722 0.016406
0 0.972917 0.465625 0.031944 0.021875
