0 0.060417 0.359375 0.070833 0.078125
0 0.022917 0.412891 0.043056 0.067969
0 0.143056 0.475391 0.041667 0.028906
0 0.347917 0.411328 0.059722 0.066406
0 0.493056 0.418750 0.077778 0.071875
0 0.491667 0.318359 0.066667 0.066406
0 0.190278 0.221094 0.061111 0.037500
0 0.844444 0.420312 0.077778 0.050000
0 0.901389 0.444922 0.063889 0.071094
0 0.868056 0.518750 0.063889 0.034375
0 0.918056 0.528516 0.036111 0.024219
0 0.744444 0.421094 0.100000 0.053125
0 0.602778 0.463672 0.033333 0.039844
0 0.649306 0.441016 0.090278 0.066406
0 0.615972 0.389844 0.037500 0.031250
0 0.477083 0.371875 0.045833 0.040625
0 0.269444 0.479297 0.077778 0.072656
0 0.583333 0.346094 0.027778 0.032813
0 0.199306 0.355859 0.026389 0.016406
