0 0.822917 0.223438 0.079167 0.059375
0 0.118056 0.313672 0.075000 0.078906
0 0.324306 0.369141 0.073611 0.077344
0 0.436806 0.341797 0.051389 0.049219
0 0.426389 0.429688 0.050000 0.031250
0 0.518056 0.434375 0.080556 0.084375
0 0.518056 0.375000 0.044444 0.040625
0 0.580556 0.384375 0.058333 0.071875
0 0.730556 0.353125 0.077778 0.081250
0 0.668056 0.395313 0.072222 0.070312
0 0.740278 0.185938 0.033333 0.028125
0 0.161806 0.251172 0.037500 0.027344
0 0.145139 0.201172 0.037500 0.019531
0 0.868056 0.496094 0.061111 0.043750
0 0.304167 0.528906 0.058333 0.062500
0 0.207639 0.475391 0.051389 0.064844
0 0.099306 0.454688 0.068056 0.025000
0 0.865278 0.364844 0.052778 0.048438
0 0.741667 0.416406 0.030556 0.031250
0 0.229167 0.542188 0.050000 0.050000
0 0.393056 0.389453 0.063889 0.077344
