0 0.347917 0.462109 0.076389 0.121094
0 0.124306 0.360547 0.065278 0.072656
0 0.093056 0.310156 0.038889 0.021875
0 0.270139 0.292969 0.037500 0.039062
0 0.239583 0.284766 0.031944 0.050781
0 0.016667 0.228125 0.030556 0.068750
0 0.945833 0.442969 0.083333 0.092188
0 0.864583 0.368750 0.059722 0.081250
0 0.804167 0.367188 0.050000 0.062500
0 0.746528 0.359375 0.051389 0.084375
0 0.713194 0.360938 0.056944 0.053125
0 0.447917 0.377734 0.065278 0.086719
0 0.424306 0.485938 0.056944 0.037500
0 0.275694 0.401953 0.045833 0.021094
0 0.497222 0.396875 0.050000 0.043750
0 0.549306 0.407813 0.054167 0.020313
0 0.535417 0.456641 0.048611 0.024219
0 0.631250 0.405859 0.079167 0.036719
0 0.267361 0.362500 0.026389 0.010937
0 0.979167 0.374219 0.041667 0.057813
0 0.725694 0.291797 0.029167 0.028906
