0 0.531944 0.409766 0.072222 0.094531
0 0.502083 0.453906 0.048611 0.068750
0 0.474306 0.438672 0.043056 0.069531
0 0.441667 0.475000 0.047222 0.056250
0 0.086806 0.397656 0.079167 0.104688
0 0.142361 0.425781 0.054167 0.085938
0 0.190278 0.382812 0.044444 0.045312
0 0.282639 0.384375 0.073611 0.057813
0 0.299306 0.444531 0.090278 0.071875
0 0.250000 0.527344 0.044444 0.031250
0 0.695139 0.396094 0.068056 0.078125
0 0.722917 0.461328 0.079167 0.089844
0 0.756250 0.451562 0.034722 0.035937
0 0.828472 0.392969 0.065278 0.076563
0 0.847222 0.481641 0.069444 0.088281
0 0.927778 0.449609 0.097222 0.111719
0 0.637500 0.536719 0.038889 0.056250
0 0.638889 0.472656 0.027778 0.037500
0 0.415972 0.376953 0.043056 0.042969
0 0.025694 0.370703 0.048611 0.092969
