0 0.377778 0.312500 0.080556 0.103125
0 0.435417 0.360938 0.054167 0.096875
0 0.136806 0.448828 0.079167 0.053906
0 0.089583 0.495312 0.065278 0.068750
0 0.200694 0.513281 0.081944 0.081250
0 0.180556 0.411328 0.088889 0.080469
0 0.290972 0.431250 0.037500 0.034375
0 0.789583 0.372266 0.079167 0.078906
0 0.700694 0.313672 0.045833 0.021094
0 0.670833 0.407813 0.061111 0.064062
0 0.727778 0.395313 0.050000 0.068750
0 0.779167 0.435156 0.050000 0.056250
0 0.713194 0.485938 0.076389 0.096875
0 0.604167 0.473828 0.080556 0.086719
0 0.613194 0.394922 0.056944 0.030469
0 0.538194 0.419922 0.040278 0.046094
0 0.449306 0.452734 0.059722 0.049219
