0 0.477083 0.465625 0.073611 0.093750
0 0.764583 0.424609 0.051389 0.069531
0 0.804167 0.407813 0.038889 0.046875
0 0.881944 0.482812 0.069444 0.081250
0 0.845833 0.461328 0.063889 0.088281
0 0.889583 0.405469 0.101389 0.053125
0 0.966667 0.416016 0.055556 0.047656
0 0.590278 0.484375 0.052778 0.084375
0 0.638194 0.443359 0.051389 0.060156
0 0.395139 0.426953 0.048611 0.033594
0 0.393056 0.516797 0.044444 0.067969
0 0.327778 0.442188 0.086111 0.059375
0 0.235417 0.464844 0.068056 0.078125
0 0.186806 0.439844 0.093056 0.071875
0 0.052083 0.430078 0.070833 0.061719
0 0.280556 0.379688 0.052778 0.037500
0 0.524306 0.464844 0.037500 0.045312
0 0.543750 0.434375 0.023611 0.015625
0 0.372917 0.397266 0.023611 0.027344
