0 0.381944 0.569141 0.080556 0.113281
0 0.484028 0.606641 0.081944 0.119531
0 0.080556 0.484766 0.069444 0.105469
0 0.132639 0.470313 0.059722 0.071875
0 0.625694 0.423047 0.068056 0.099219
0 0.229861 0.377734 0.090278 0.064844
0 0.433333 0.398438 0.083333 0.087500
0 0.397222 0.427344 0.061111 0.064062
0 0.546528 0.388281 0.065278 0.042188
0 0.297917 0.452734 0.056944 0.042969
0 0.350694 0.453125 0.051389 0.050000
0 0.527778 0.465625 0.055556 0.050000
0 0.195139 0.472266 0.073611 0.050781
0 0.740278 0.476172 0.127778 0.088281
0 0.708333 0.400000 0.108333 0.059375
0 0.830556 0.422266 0.094444 0.063281
0 0.929167 0.467578 0.072222 0.080469
0 0.974306 0.471875 0.051389 0.107813
0 0.954167 0.382422 0.052778 0.064844
0 0.977778 0.357812 0.044444 0.050000
0 0.913889 0.413672 0.063889 0.055469
