0 0.083333 0.392188 0.083333 0.090625
0 0.021528 0.310156 0.040278 0.050000
0 0.425694 0.234766 0.043056 0.038281
0 0.414583 0.360938 0.062500 0.096875
0 0.364583 0.379688 0.051389 0.075000
0 0.420139 0.434766 0.062500 0.061719
0 0.560417 0.417969 0.073611 0.031250
0 0.677083 0.443359 0.059722 0.050781
0 0.715278 0.410938 0.061111 0.054688
0 0.759028 0.434766 0.031944 0.057031
0 0.793056 0.388281 0.063889 0.085938
0 0.815972 0.434766 0.048611 0.049219
0 0.883333 0.382031 0.111111 0.064062
0 0.856944 0.416406 0.066667 0.065625
0 0.986806 0.412891 0.023611 0.036719
0 0.969444 0.500000 0.058333 0.040625
0 0.511806 0.534766 0.045833 0.035156
0 0.109722 0.489063 0.036111 0.037500
