0 0.979167 0.360938 0.041667 0.090625
0 0.721528 0.289453 0.079167 0.055469
0 0.672917 0.344141 0.031944 0.025781
0 0.885417 0.345703 0.087500 0.105469
0 0.838194 0.401953 0.073611 0.110156
0 0.769444 0.354297 0.055556 0.072656
0 0.593056 0.409766 0.052778 0.032031
0 0.480556 0.407422 0.025000 0.013281
0 0.566667 0.435156 0.038889 0.009375
0 0.568056 0.454688 0.027778 0.014063
0 0.058333 0.331641 0.075000 0.075781
0 0.141667 0.326172 0.100000 0.107031
0 0.271528 0.366016 0.081944 0.085156
0 0.207639 0.356641 0.059722 0.069531
0 0.049306 0.405859 0.090278 0.063281
0 0.031944 0.465234 0.038889 0.017969
0 0.332639 0.410547 0.048611 0.036719
0 0.385417 0.430078 0.031944 0.038281
0 0.418056 0.428516 0.044444 0.035156
0 0.455556 0.496094 0.050000 0.059375
0 0.511806 0.482812 0.034722 0.015625
