0 0.720833 0.305469 0.075000 0.090625
0 0.645139 0.309766 0.059722 0.083594
0 0.605556 0.383203 0.066667 0.057031
0 0.734028 0.362891 0.034722 0.022656
0 0.229167 0.278516 0.030556 0.016406
0 0.140278 0.323437 0.061111 0.028125
0 0.183333 0.331250 0.025000 0.009375
0 0.421528 0.359375 0.056944 0.062500
0 0.480556 0.376172 0.069444 0.046094
0 0.533333 0.409375 0.033333 0.031250
0 0.516667 0.464844 0.033333 0.034375
0 0.469444 0.445703 0.025000 0.016406
0 0.555556 0.475391 0.030556 0.025781
0 0.021528 0.366797 0.040278 0.085156
0 0.074306 0.373437 0.051389 0.075000
0 0.169444 0.405469 0.069444 0.051562
0 0.202083 0.440234 0.054167 0.038281
0 0.805556 0.461328 0.069444 0.096094
0 0.847917 0.385937 0.076389 0.050000
0 0.908333 0.384766 0.075000 0.055469
0 0.861806 0.466016 0.051389 0.102344
0 0.986806 0.431250 0.023611 0.040625
0 0.885417 0.585938 0.065278 0.087500
