0 0.043056 0.414453 0.083333 0.089844
0 0.070139 0.458594 0.056944 0.056250
0 0.020139 0.338672 0.037500 0.063281
0 0.155556 0.373047 0.069444 0.142969
0 0.207639 0.419141 0.076389 0.072656
0 0.261806 0.377344 0.062500 0.065625
0 0.324306 0.361719 0.043056 0.037500
0 0.480556 0.345313 0.058333 0.079687
0 0.535417 0.398438 0.070833 0.109375
0 0.386806 0.462891 0.056944 0.035156
0 0.599306 0.467578 0.056944 0.063281
0 0.700694 0.380469 0.059722 0.084375
0 0.652083 0.426172 0.076389 0.057031
0 0.611806 0.387500 0.029167 0.018750
0 0.802083 0.423438 0.109722 0.043750
0 0.820833 0.477734 0.038889 0.025781
0 0.936806 0.403516 0.037500 0.027344
0 0.911806 0.439063 0.031944 0.037500
0 0.805556 0.369531 0.052778 0.051562
0 0.477083 0.538672 0.056944 0.080469
0 0.538889 0.554688 0.036111 0.040625
0 0.228472 0.342187 0.062500 0.053125
0 0.346528 0.415234 0.051389 0.042969
