0 0.199306 0.461719 0.087500 0.129688
0 0.078472 0.300391 0.073611 0.060156
0 0.048611 0.353906 0.052778 0.071875
0 0.022222 0.221875 0.041667 0.100000
0 0.228472 0.291406 0.093056 0.125000
0 0.268056 0.368750 0.080556 0.067187
0 0.198611 0.353125 0.063889 0.078125
0 0.588889 0.362500 0.100000 0.107813
0 0.438194 0.232813 0.070833 0.067187
0 0.430556 0.327344 0.083333 0.112500
0 0.484722 0.332813 0.069444 0.106250
0 0.716667 0.328516 0.094444 0.105469
0 0.775694 0.293359 0.079167 0.066406
0 0.815972 0.255859 0.081944 0.075781
0 0.780556 0.382422 0.044444 0.039844
0 0.989583 0.209766 0.020833 0.075781
0 0.133333 0.289844 0.061111 0.031250
0 0.490278 0.201172 0.033333 0.032031
