0 0.454167 0.436719 0.080556 0.053125
0 0.429167 0.485547 0.044444 0.074219
0 0.389583 0.392188 0.062500 0.096875
0 0.363194 0.341797 0.056944 0.096094
0 0.318056 0.359766 0.044444 0.064844
0 0.196528 0.360547 0.037500 0.063281
0 0.155556 0.367969 0.066667 0.062500
0 0.102778 0.366016 0.036111 0.049219
0 0.021528 0.385156 0.040278 0.096875
0 0.020139 0.456641 0.037500 0.064844
0 0.111806 0.413281 0.045833 0.043750
0 0.624306 0.478516 0.073611 0.075781
0 0.661806 0.476172 0.062500 0.102344
0 0.527083 0.343750 0.043056 0.040625
0 0.565278 0.346484 0.044444 0.035156
0 0.868056 0.375391 0.058333 0.086719
0 0.971528 0.344141 0.056944 0.060156
0 0.977778 0.452344 0.044444 0.073438
0 0.919444 0.404687 0.019444 0.040625
0 0.972917 0.407813 0.054167 0.046875
0 0.858333 0.460938 0.038889 0.065625
0 0.633333 0.375000 0.083333 0.093750
0 0.580556 0.412500 0.047222 0.046875
0 0.677778 0.397266 0.061111 0.046094
0 0.499306 0.392188 0.051389 0.028125
0 0.760417 0.344141 0.054167 0.025781
