0 0.118056 0.301172 0.063889 0.074219
0 0.211806 0.301953 0.062500 0.066406
0 0.334028 0.403906 0.079167 0.090625
0 0.397917 0.323437 0.054167 0.059375
0 0.661806 0.350391 0.056944 0.061719
0 0.685417 0.398438 0.048611 0.087500
0 0.730556 0.408594 0.094444 0.135937
0 0.849306 0.342187 0.068056 0.109375
0 0.943056 0.394141 0.044444 0.063281
0 0.277778 0.412500 0.050000 0.034375
0 0.511806 0.432812 0.054167 0.056250
0 0.572917 0.364063 0.062500 0.073438
0 0.368056 0.352344 0.047222 0.046875
0 0.156250 0.323437 0.045833 0.050000
