0 0.240278 0.370703 0.111111 0.125781
0 0.275694 0.291406 0.120833 0.121875
0 0.133333 0.282422 0.100000 0.091406
0 0.020139 0.336328 0.037500 0.074219
0 0.580556 0.284375 0.072222 0.087500
0 0.486806 0.361328 0.079167 0.082031
0 0.449306 0.343359 0.045833 0.060156
0 0.741667 0.376563 0.069444 0.128125
0 0.843056 0.316797 0.055556 0.077344
0 0.922917 0.366016 0.081944 0.097656
0 0.959028 0.322266 0.081944 0.094531
0 0.985417 0.410547 0.029167 0.046094
0 0.661806 0.514844 0.093056 0.071875
0 0.716667 0.537891 0.083333 0.069531
0 0.391667 0.434375 0.044444 0.037500
0 0.802083 0.361328 0.062500 0.082031
0 0.759028 0.462500 0.037500 0.034375
0 0.303472 0.418750 0.048611 0.067187
0 0.548611 0.372656 0.044444 0.046875
