0 0.031250 0.242188 0.059722 0.109375
0 0.174306 0.239453 0.093056 0.067969
0 0.266667 0.317188 0.058333 0.050000
0 0.271528 0.382031 0.059722 0.046875
0 0.166667 0.329688 0.097222 0.112500
0 0.805556 0.289453 0.063889 0.046094
0 0.530556 0.235937 0.069444 0.053125
0 0.464583 0.308594 0.070833 0.034375
0 0.572917 0.318359 0.106944 0.099219
0 0.493056 0.394922 0.047222 0.027344
0 0.519444 0.346484 0.055556 0.050781
0 0.570833 0.399219 0.091667 0.057813
0 0.640278 0.342187 0.041667 0.053125
0 0.680556 0.357422 0.047222 0.067969
0 0.730556 0.383594 0.077778 0.082812
0 0.840278 0.408203 0.061111 0.033594
0 0.874306 0.310156 0.065278 0.054688
0 0.943056 0.350781 0.052778 0.115625
