0 0.122917 0.453125 0.059722 0.071875
0 0.250694 0.404687 0.079167 0.103125
0 0.293056 0.348828 0.044444 0.053906
0 0.241667 0.337109 0.063889 0.042969
0 0.338194 0.426953 0.073611 0.103906
0 0.380556 0.459766 0.055556 0.094531
0 0.368056 0.308203 0.105556 0.125781
0 0.535417 0.380078 0.068056 0.052344
0 0.474306 0.353906 0.056944 0.028125
0 0.435417 0.426953 0.054167 0.082031
0 0.535417 0.291797 0.070833 0.105469
0 0.608333 0.241016 0.086111 0.117969
0 0.595833 0.308203 0.036111 0.046094
0 0.675694 0.303906 0.068056 0.106250
0 0.720139 0.350781 0.059722 0.070312
0 0.736806 0.396094 0.040278 0.043750
0 0.763889 0.332422 0.063889 0.066406
0 0.918056 0.331250 0.072222 0.040625
0 0.899306 0.394141 0.056944 0.066406
0 0.944444 0.398438 0.038889 0.031250
0 0.845833 0.334766 0.038889 0.035156
0 0.600694 0.149609 0.037500 0.017969
0 0.196528 0.459766 0.056944 0.067969
0 0.768056 0.287500 0.075000 0.031250
