0 0.755556 0.272266 0.066667 0.083594
0 0.820139 0.269141 0.062500 0.099219
0 0.965278 0.312500 0.069444 0.065625
0 0.933333 0.380469 0.050000 0.110937
0 0.986806 0.369922 0.023611 0.047656
0 0.791667 0.339844 0.075000 0.051562
0 0.685417 0.326953 0.062500 0.038281
0 0.718056 0.342969 0.063889 0.087500
0 0.561806 0.310156 0.073611 0.101562
0 0.620833 0.303906 0.050000 0.056250
0 0.490278 0.376563 0.050000 0.053125
0 0.480556 0.330078 0.075000 0.057031
0 0.434028 0.340625 0.037500 0.081250
0 0.311806 0.310156 0.068056 0.117188
0 0.261806 0.354687 0.062500 0.081250
0 0.189583 0.333594 0.065278 0.103125
0 0.229167 0.280469 0.055556 0.039062
0 0.118056 0.278516 0.077778 0.103906
0 0.070833 0.334766 0.069444 0.099219
0 0.036806 0.310547 0.054167 0.113281
0 0.394444 0.330078 0.038889 0.028906
0 0.302083 0.239844 0.056944 0.031250
0 0.323611 0.392188 0.050000 0.073438
