0 0.518056 0.340234 0.077778 0.078906
0 0.708333 0.400000 0.052778 0.050000
0 0.749306 0.372656 0.056944 0.029687
0 0.680556 0.367578 0.052778 0.038281
0 0.513194 0.440625 0.051389 0.053125
0 0.481944 0.505469 0.080556 0.068750
0 0.235417 0.502344 0.048611 0.040625
0 0.086111 0.466406 0.075000 0.087500
0 0.125694 0.474219 0.056944 0.078125
0 0.170833 0.446484 0.036111 0.033594
0 0.061806 0.403906 0.056944 0.035937
0 0.202778 0.336328 0.055556 0.039844
0 0.249306 0.329297 0.051389 0.038281
0 0.276389 0.392188 0.077778 0.084375
0 0.368056 0.397266 0.066667 0.077344
0 0.406944 0.405469 0.052778 0.037500
0 0.434722 0.416406 0.036111 0.034375
0 0.752778 0.526563 0.030556 0.028125
0 0.177083 0.558594 0.040278 0.031250
0 0.654167 0.483594 0.044444 0.020313
0 0.027778 0.489844 0.036111 0.039062
0 0.277083 0.456250 0.051389 0.042188
