0 0.894444 0.281250 0.105556 0.068750
0 0.945139 0.281250 0.065278 0.078125
0 0.830556 0.398828 0.077778 0.136719
0 0.927778 0.478516 0.061111 0.058594
0 0.931944 0.410547 0.044444 0.030469
0 0.374306 0.217188 0.065278 0.053125
0 0.147917 0.287891 0.043056 0.041406
0 0.239583 0.287891 0.051389 0.047656
0 0.263194 0.370312 0.045833 0.046875
0 0.218056 0.347266 0.044444 0.021094
0 0.083333 0.397266 0.063889 0.082031
0 0.068056 0.294531 0.061111 0.042188
0 0.015278 0.215625 0.027778 0.028125
0 0.755556 0.304688 0.036111 0.034375
0 0.880556 0.322656 0.055556 0.023438
0 0.786806 0.420703 0.048611 0.019531
0 0.335417 0.292187 0.079167 0.093750
0 0.395833 0.309766 0.061111 0.057031
0 0.434028 0.280859 0.056944 0.074219
