0 0.474306 0.308594 0.090278 0.046875
0 0.038889 0.341797 0.075000 0.046094
0 0.334028 0.366016 0.070833 0.064844
0 0.279167 0.323437 0.094444 0.037500
0 0.280556 0.423438 0.069444 0.059375
0 0.461806 0.432812 0.056944 0.090625
0 0.515278 0.416016 0.069444 0.124219
0 0.561806 0.382031 0.068056 0.056250
0 0.676389 0.376563 0.072222 0.081250
0 0.635417 0.407813 0.045833 0.021875
0 0.741667 0.337500 0.055556 0.075000
0 0.827778 0.247266 0.030556 0.019531
0 0.800694 0.364063 0.062500 0.056250
0 0.868056 0.381641 0.077778 0.063281
0 0.899306 0.426563 0.048611 0.054688
0 0.954167 0.400391 0.080556 0.069531
0 0.820139 0.450391 0.048611 0.038281
