0 0.950000 0.376172 0.094444 0.102344
0 0.845139 0.330859 0.054167 0.066406
0 0.785417 0.391016 0.081944 0.064844
0 0.705556 0.376563 0.077778 0.048438
0 0.629167 0.421484 0.077778 0.066406
0 0.465278 0.400391 0.083333 0.102344
0 0.354861 0.392188 0.068056 0.092188
0 0.281944 0.374609 0.069444 0.091406
0 0.335417 0.313281 0.051389 0.060937
0 0.070833 0.482812 0.083333 0.084375
0 0.027778 0.408203 0.052778 0.063281
0 0.094444 0.415234 0.038889 0.028906
0 0.709722 0.495703 0.083333 0.107031
0 0.654167 0.533594 0.052778 0.087500
0 0.504861 0.432422 0.079167 0.105469
0 0.506250 0.325391 0.056944 0.083594
