0 0.052778 0.469922 0.066667 0.069531
0 0.018056 0.374609 0.033333 0.024219
0 0.213889 0.343750 0.100000 0.053125
0 0.240972 0.371094 0.087500 0.050000
0 0.414583 0.441016 0.059722 0.078906
0 0.984028 0.366797 0.031944 0.032031
0 0.530556 0.491406 0.038889 0.037500
0 0.397917 0.321484 0.068056 0.035156
0 0.370833 0.367969 0.044444 0.059375
0 0.418056 0.372266 0.055556 0.066406
0 0.474306 0.349609 0.079167 0.049219
0 0.474306 0.396484 0.043056 0.038281
0 0.569444 0.398438 0.044444 0.050000
0 0.514583 0.419141 0.062500 0.027344
0 0.560417 0.451953 0.031944 0.019531
0 0.636806 0.439453 0.056944 0.039844
0 0.693056 0.430469 0.066667 0.035937
0 0.736806 0.400391 0.043056 0.057031
0 0.814583 0.424219 0.051389 0.028125
0 0.952778 0.490234 0.038889 0.027344
0 0.220139 0.472656 0.048611 0.029687
0 0.904861 0.505469 0.051389 0.029687
0 0.222917 0.419922 0.051389 0.039844
