0 0.874306 0.351562 0.101389 0.112500
0 0.868056 0.422656 0.080556 0.028125
0 0.885417 0.549219 0.068056 0.092188
0 0.779167 0.263672 0.058333 0.092969
0 0.659028 0.225000 0.045833 0.040625
0 0.718056 0.257031 0.061111 0.090625
0 0.764583 0.334766 0.079167 0.049219
0 0.894444 0.245312 0.055556 0.046875
0 0.140278 0.260547 0.080556 0.072656
0 0.186806 0.309375 0.076389 0.075000
0 0.293750 0.372656 0.062500 0.076563
0 0.468056 0.256250 0.086111 0.059375
0 0.552778 0.266797 0.077778 0.071094
0 0.497917 0.327344 0.129167 0.076563
0 0.597917 0.325391 0.093056 0.055469
0 0.605556 0.379688 0.069444 0.048438
0 0.629167 0.434766 0.083333 0.050781
0 0.724306 0.386719 0.059722 0.065625
0 0.761806 0.429688 0.068056 0.075000
0 0.768056 0.505078 0.058333 0.052344
0 0.201389 0.502344 0.055556 0.060937
0 0.013889 0.217969 0.025000 0.048438
0 0.016667 0.284375 0.030556 0.065625
0 0.028472 0.325000 0.048611 0.085938
0 0.074306 0.207813 0.056944 0.031250
0 0.065278 0.258594 0.055556 0.037500
0 0.038889 0.395313 0.075000 0.037500
0 0.027778 0.458203 0.052778 0.032031
0 0.313194 0.547266 0.079167 0.092969
0 0.436806 0.550000 0.031944 0.025000
0 0.350694 0.343750 0.045833 0.025000
0 0.268056 0.325000 0.055556 0.021875
0 0.934028 0.355859 0.043056 0.066406
