0 0.449306 0.475391 0.054167 0.055469
0 0.974306 0.329297 0.051389 0.089844
0 0.049306 0.359766 0.093056 0.092969
0 0.116667 0.300391 0.080556 0.046094
0 0.540972 0.141016 0.051389 0.041406
0 0.852083 0.358203 0.023611 0.044531
0 0.850694 0.322656 0.065278 0.037500
0 0.129861 0.433984 0.051389 0.022656
0 0.759722 0.419922 0.061111 0.067969
0 0.768056 0.284766 0.041667 0.024219
0 0.689583 0.273438 0.104167 0.073438
0 0.744444 0.350000 0.044444 0.031250
0 0.685417 0.326562 0.095833 0.034375
0 0.674306 0.393750 0.090278 0.093750
0 0.693056 0.437500 0.055556 0.050000
0 0.568056 0.288281 0.058333 0.056250
0 0.439583 0.315625 0.070833 0.040625
0 0.502778 0.289062 0.077778 0.075000
0 0.313889 0.362891 0.075000 0.092969
0 0.521528 0.365625 0.056944 0.046875
0 0.501389 0.405469 0.025000 0.023438
0 0.272917 0.355078 0.068056 0.067969
0 0.193056 0.346875 0.052778 0.025000
0 0.130556 0.360547 0.069444 0.041406
0 0.136806 0.383594 0.106944 0.035937
0 0.272917 0.298438 0.040278 0.053125
