0 0.029167 0.413672 0.055556 0.133594
0 0.185417 0.284766 0.059722 0.057031
0 0.235417 0.292969 0.054167 0.060937
0 0.269444 0.339844 0.058333 0.073438
0 0.475694 0.379688 0.073611 0.078125
0 0.560417 0.390625 0.059722 0.059375
0 0.738194 0.366016 0.065278 0.088281
0 0.686806 0.267969 0.131944 0.079687
0 0.763889 0.274219 0.050000 0.067187
0 0.921528 0.270703 0.062500 0.042969
0 0.977778 0.298828 0.044444 0.086719
0 0.890278 0.367188 0.080556 0.090625
0 0.866667 0.408203 0.050000 0.092969
0 0.944444 0.419141 0.033333 0.035156
0 0.461806 0.450781 0.051389 0.071875
0 0.418056 0.444531 0.047222 0.067187
0 0.516667 0.457422 0.044444 0.053906
0 0.780556 0.383594 0.038889 0.040625
