0 0.168056 0.181250 0.050000 0.040625
0 0.511806 0.206641 0.054167 0.039844
0 0.059028 0.345313 0.115278 0.160938
0 0.149306 0.252344 0.076389 0.079687
0 0.159028 0.350391 0.095833 0.107031
0 0.228472 0.291406 0.068056 0.121875
0 0.293056 0.325391 0.094444 0.135156
0 0.705556 0.336719 0.088889 0.103125
0 0.794444 0.408594 0.086111 0.107813
0 0.818056 0.356250 0.083333 0.134375
0 0.886806 0.329688 0.076389 0.096875
0 0.947917 0.284766 0.104167 0.116406
0 0.128472 0.507422 0.070833 0.085156
0 0.020139 0.494141 0.037500 0.097656
0 0.043056 0.477344 0.052778 0.064062
0 0.330556 0.474609 0.044444 0.071094
0 0.296528 0.478516 0.056944 0.055469
0 0.387500 0.468750 0.075000 0.071875
0 0.627778 0.306250 0.055556 0.040625
0 0.656944 0.259766 0.047222 0.050781
0 0.436806 0.177344 0.034722 0.026562
0 0.982639 0.166406 0.034722 0.025000
0 0.745139 0.393750 0.056944 0.042188
