0 0.035417 0.470313 0.068056 0.103125
0 0.054167 0.381641 0.069444 0.049219
0 0.111806 0.395313 0.059722 0.043750
0 0.143056 0.419141 0.058333 0.055469
0 0.099306 0.483594 0.087500 0.073438
0 0.200694 0.500000 0.056944 0.087500
0 0.213194 0.531250 0.062500 0.071875
0 0.468056 0.475391 0.072222 0.105469
0 0.505556 0.506250 0.075000 0.100000
0 0.343056 0.403906 0.077778 0.062500
0 0.336806 0.517578 0.043056 0.050781
0 0.393750 0.531250 0.062500 0.053125
0 0.646528 0.488672 0.048611 0.050781
0 0.956944 0.448047 0.066667 0.091406
0 0.908333 0.564063 0.086111 0.056250
0 0.699306 0.523047 0.068056 0.083594
0 0.874306 0.464062 0.084722 0.050000
0 0.547917 0.439453 0.045833 0.021094
