0 0.022917 0.383594 0.043056 0.078125
0 0.049306 0.410938 0.062500 0.079687
0 0.256944 0.322266 0.066667 0.110156
0 0.186806 0.389844 0.068056 0.084375
0 0.249306 0.401953 0.054167 0.046094
0 0.310417 0.392188 0.048611 0.040625
0 0.135417 0.480469 0.056944 0.051562
0 0.206944 0.472266 0.063889 0.092969
0 0.299306 0.482031 0.076389 0.062500
0 0.161806 0.448047 0.054167 0.082031
0 0.374306 0.394141 0.079167 0.086719
0 0.505556 0.425000 0.052778 0.043750
0 0.436806 0.426563 0.059722 0.050000
0 0.608333 0.419141 0.083333 0.077344
0 0.561806 0.480859 0.051389 0.042969
0 0.961806 0.408594 0.056944 0.054688
0 0.776389 0.410938 0.061111 0.093750
0 0.843056 0.421875 0.077778 0.050000
0 0.905556 0.431641 0.055556 0.044531
0 0.680556 0.467187 0.061111 0.059375
0 0.836806 0.475391 0.043056 0.036719
0 0.911806 0.479297 0.043056 0.024219
0 0.243056 0.556641 0.052778 0.066406
