0 0.072917 0.236719 0.131944 0.114062
0 0.045139 0.287109 0.087500 0.083594
0 0.147222 0.244141 0.130556 0.102344
0 0.259722 0.196875 0.208333 0.131250
0 0.420833 0.235547 0.108333 0.071094
0 0.304861 0.255078 0.162500 0.066406
0 0.203472 0.312891 0.120833 0.053906
0 0.862500 0.355078 0.147222 0.099219
0 0.663194 0.383594 0.137500 0.129688
0 0.559722 0.244531 0.086111 0.051562
0 0.608333 0.273438 0.063889 0.042188
0 0.670139 0.276953 0.054167 0.038281
0 0.714583 0.266797 0.087500 0.055469
0 0.878472 0.310156 0.126389 0.051562
0 0.572917 0.325781 0.093056 0.060937
