0 0.056944 0.309375 0.111111 0.118750
0 0.138194 0.271875 0.181944 0.084375
0 0.327778 0.288672 0.122222 0.096094
0 0.574306 0.267969 0.109722 0.070312
0 0.418056 0.351562 0.113889 0.078125
0 0.836806 0.389062 0.070833 0.037500
0 0.570833 0.370703 0.050000 0.024219
0 0.741667 0.379688 0.080556 0.021875
0 0.629167 0.367969 0.030556 0.020313
0 0.475694 0.281250 0.056944 0.015625
0 0.836806 0.352344 0.054167 0.025000
0 0.963889 0.392188 0.072222 0.023438
0 0.434028 0.419141 0.051389 0.035156
0 0.500694 0.435937 0.093056 0.046875
0 0.961806 0.435937 0.073611 0.034375
0 0.880556 0.444531 0.047222 0.018750
