0 0.018750 0.278516 0.034722 0.052344
0 0.136806 0.270703 0.140278 0.110156
0 0.216667 0.306641 0.080556 0.086719
0 0.274306 0.289062 0.115278 0.090625
0 0.400694 0.328125 0.093056 0.081250
0 0.486806 0.344922 0.106944 0.080469
0 0.544444 0.350391 0.077778 0.055469
0 0.624306 0.337500 0.090278 0.060937
0 0.708333 0.323437 0.116667 0.090625
0 0.745139 0.353125 0.059722 0.043750
0 0.897917 0.306250 0.104167 0.065625
0 0.980556 0.356641 0.038889 0.085156
0 0.596528 0.463281 0.090278 0.028125
0 0.866667 0.473047 0.058333 0.036719
0 0.943056 0.464453 0.063889 0.035156
0 0.213889 0.169922 0.088889 0.025781
0 0.047917 0.245703 0.040278 0.033594
