0 0.080556 0.218359 0.122222 0.092969
0 0.265278 0.170313 0.122222 0.118750
0 0.468056 0.217188 0.119444 0.115625
0 0.547222 0.227344 0.097222 0.093750
0 0.370833 0.223438 0.113889 0.100000
0 0.313194 0.287891 0.118056 0.103906
0 0.168056 0.333203 0.108333 0.097656
0 0.255556 0.341016 0.144444 0.111719
0 0.736806 0.286328 0.109722 0.094531
0 0.759722 0.206641 0.122222 0.074219
0 0.859722 0.287891 0.111111 0.105469
0 0.960417 0.260937 0.079167 0.096875
0 0.043056 0.355078 0.083333 0.075781
0 0.009028 0.266016 0.015278 0.050781
0 0.880556 0.374219 0.066667 0.037500
