0 0.149306 0.457813 0.093056 0.100000
0 0.065278 0.384766 0.127778 0.055469
0 0.035417 0.287891 0.068056 0.124219
0 0.102778 0.312891 0.072222 0.067969
0 0.174306 0.312891 0.093056 0.077344
0 0.249306 0.334375 0.115278 0.046875
0 0.305556 0.273438 0.063889 0.031250
0 0.711806 0.276562 0.104167 0.062500
0 0.761806 0.237891 0.098611 0.053906
0 0.929167 0.287891 0.141667 0.141406
0 0.599306 0.320703 0.156944 0.082031
0 0.533333 0.234375 0.094444 0.084375
0 0.599306 0.256250 0.120833 0.062500
0 0.429167 0.301563 0.055556 0.029687
