0 0.222917 0.335156 0.120833 0.084375
0 0.186806 0.394141 0.068056 0.042969
0 0.099306 0.335938 0.104167 0.065625
0 0.022917 0.346094 0.043056 0.042188
0 0.564583 0.375000 0.084722 0.087500
0 0.313889 0.239063 0.063889 0.028125
0 0.731944 0.387891 0.080556 0.052344
0 0.805556 0.401562 0.105556 0.087500
0 0.849306 0.392578 0.093056 0.096094
0 0.879167 0.306641 0.058333 0.032031
0 0.959028 0.360547 0.081944 0.061719
0 0.430556 0.388281 0.027778 0.023438
0 0.281944 0.314063 0.050000 0.028125
0 0.168056 0.447266 0.052778 0.019531
