0 0.6625 0.4302884 0.1631578 0.1593934
0 0.712171 0.4901997 0.1638157 0.1675295
0 0.0615131 0.3947855 0.0848684 0.0329142
0 0.9615131 0.4117973 0.0769736 0.1224112
0 0.0601973 0.2736686 0.1098684 0.0569526
0 0.0358552 0.5049926 0.0717105 0.1253698
0 0.9375 0.3594674 0.125 0.0732248
0 0.4009868 0.4630177 0.1190789 0.125
0 0.3374999 0.3883136 0.1315789 0.1390532
0 0.1575657 0.4227071 0.0782894 0.0872781
0 0.9743421 0.3026997 0.0513157 0.0351331
0 0.325 0.485392 0.0565789 0.0388313
0 0.8032894 0.3846153 0.0947368 0.0502958
0 0.237171 0.4203032 0.0901315 0.0750739
0 0.1180921 0.3600221 0.0625 0.0506656
0 0.0286184 0.3807322 0.0572368 0.0454881
0 0.1032894 0.4434171 0.0973684 0.1028106
