0 0.8154605 0.2072855 0.0572368 0.0284763
0 0.1552631 0.4276997 0.0960526 0.095784
0 0.2782894 0.472818 0.1605263 0.0580621
0 0.6213815 0.4805843 0.0875 0.0713757
0 0.412171 0.4375 0.1177631 0.0510355
0 0.887171 0.2830991 0.0914473 0.0625
0 0.5773026 0.3703772 0.1164473 0.0898668
0 0.2358552 0.3465236 0.2611842 0.1205621
0 0.749671 0.3566937 0.1085526 0.1024408
0 0.6664473 0.389423 0.1013157 0.1079881
0 0.2641447 0.2941937 0.1440789 0.0536242
0 0.8674342 0.3406065 0.1796052 0.0865384
0 0.787171 0.404031 0.1322368 0.106139
