0 0.6930921 0.3812869 0.0730263 0.0443786
0 0.5361842 0.3173076 0.0894736 0.0569526
0 0.268421 0.3578032 0.0605263 0.0351331
0 0.0542763 0.5155325 0.1072368 0.0451183
0 0.7875 0.3433801 0.0868421 0.0787721
0 0.2855263 0.541605 0.1355263 0.1364644
0 0.5944078 0.3835059 0.0730263 0.0384615
0 0.2703947 0.4350961 0.0907894 0.1083579
0 0.1519736 0.410318 0.2013157 0.1697485
0 0.0575657 0.4304733 0.1138157 0.1116863
0 0.8444078 0.4036612 0.080921 0.0920857
0 0.9253289 0.4147559 0.1427631 0.1630917
0 0.5812499 0.5425295 0.0914473 0.0732248
