0 0.6901315 0.391642 0.1263157 0.1294378
0 0.4819078 0.3308062 0.0519736 0.0329142
0 0.4049342 0.3953402 0.0769736 0.0643491
0 0.91875 0.3738905 0.1493421 0.1065088
0 0.8338815 0.2840236 0.0625 0.0303254
0 0.5618421 0.3694526 0.225 0.0813609
0 0.3694078 0.3485576 0.1138157 0.1305473
0 0.0427631 0.3635355 0.0855263 0.0761834
0 0.5861842 0.4097633 0.125 0.0754437
0 0.9713815 0.3994082 0.0572368 0.1264792
0 0.1894736 0.2899408 0.1197368 0.1109467
0 0.3049342 0.2808801 0.0914473 0.0698964
0 0.1776315 0.39571 0.0592105 0.0369822
