0 0.3868421 0.46875 0.1118421 0.0366124
0 0.9427631 0.3372781 0.1144736 0.0946745
0 0.9700657 0.4604289 0.0598684 0.1235207
0 0.8828947 0.3677884 0.0881578 0.0661982
0 0.4993421 0.5793269 0.0644736 0.0454881
0 0.05625 0.4310281 0.1125 0.1076183
0 0.6641447 0.5669378 0.1072368 0.089497
0 0.0638157 0.3522559 0.1276315 0.0676775
0 0.6542763 0.4550665 0.0822368 0.0625
0 0.8351973 0.4424926 0.1401315 0.0920857
0 0.75 0.5086908 0.075 0.0432692
0 0.2315789 0.408284 0.1210526 0.0954142
0 0.4782894 0.4450813 0.1552631 0.1638313
