0 0.9200657 0.5523298 0.0993421 0.0854289
0 0.518421 0.3740754 0.0999999 0.0780325
0 0.6529605 0.3960798 0.1361842 0.0806213
0 0.2786184 0.4408284 0.0717105 0.1057692
0 0.7690789 0.3590976 0.0973684 0.1013313
0 0.1759868 0.5867233 0.0598684 0.0336538
0 0.4213815 0.5928254 0.0572368 0.0480769
0 0.3572368 0.3711168 0.1289473 0.0610207
0 0.4453947 0.3720414 0.0539473 0.0554733
0 0.6046052 0.7546227 0.1407894 0.1682692
0 0.3411184 0.5199704 0.0664473 0.0303254
0 0.5894736 0.4842825 0.1447368 0.0965236
0 0.1700657 0.4005177 0.0651315 0.0458579
0 0.4230263 0.4979659 0.0960526 0.0321745
0 0.0796052 0.4264053 0.0868421 0.0917159
0 0.9733552 0.5861686 0.0532894 0.1079881
0 0.4042763 0.4271449 0.1677631 0.0591715
0 0.2858552 0.2938239 0.0677631 0.0491863
