0 0.8302631 0.3542899 0.0763157 0.0806213
0 0.5861842 0.2995562 0.1223684 0.1065088
0 0.0319078 0.3855399 0.0638157 0.0950443
0 0.6674342 0.3125 0.0940789 0.053994
0 0.2029605 0.3836908 0.0835526 0.0573224
0 0.168421 0.1233357 0.1447368 0.0639792
0 0.1200657 0.0591715 0.2203947 0.1161242
0 0.1292763 0.2871671 0.1243421 0.0854289
0 0.3394736 0.3738905 0.1092105 0.0695266
0 0.6144736 0.4700443 0.093421 0.1035502
0 0.2049342 0.2233727 0.1032894 0.0673076
0 0.0569078 0.5205251 0.1138157 0.1586538
0 0.5486842 0.3807322 0.1539473 0.1098372
0 0.2641447 0.3700073 0.0598684 0.0861686
0 0.380921 0.4382396 0.0855263 0.102071
0 0.1016447 0.416605 0.1493421 0.1815828
0 0.1049342 0.1588387 0.0927631 0.08321
0 0.7519736 0.3341346 0.0881578 0.1009615
