0 0.768421 0.456176 0.0657894 0.0839497
0 0.4789473 0.437315 0.0776315 0.0484467
0 0.8289473 0.3792529 0.0828947 0.093565
0 0.2319078 0.539571 0.0572368 0.0510355
0 0.13125 0.5199704 0.0401315 0.02071
0 0.5832236 0.4245562 0.1203947 0.0872781
0 0.9118421 0.3500369 0.0855263 0.0691568
0 0.3062499 0.4410133 0.0927631 0.0484467
0 0.5953947 0.487426 0.125 0.0510355
0 0.9703947 0.5177514 0.0592105 0.0687869
0 0.9016447 0.4097633 0.0690789 0.0473372
0 0.9680921 0.3931213 0.0638157 0.0983727
0 0.2069078 0.4421227 0.1098684 0.0750739
0 0.7348684 0.3566937 0.0986842 0.0876479
