0 0.4421052 0.4591346 0.0842105 0.139423
0 0.1588815 0.5244082 0.1125 0.0946745
0 0.6210526 0.4044008 0.1486842 0.1571745
0 0.0914473 0.2152366 0.1065789 0.0517751
0 0.1101973 0.3918269 0.1769736 0.1579142
0 0.2092105 0.5619452 0.0815789 0.0447485
0 0.5230263 0.354105 0.0815789 0.0713757
0 0.0730263 0.5441937 0.0947368 0.1601331
0 0.3411184 0.4979659 0.1625 0.2126479
0 0.5618421 0.4800295 0.0723684 0.0835798
0 0.2302631 0.4576553 0.1342105 0.1312869
0 0.3753289 0.3786982 0.1519736 0.0776627
0 0.0351973 0.4678254 0.0703947 0.099852
0 0.8730263 0.3909023 0.2539473 0.1997041
0 0.8792763 0.23946 0.1690789 0.1150147
