0 0.5279605 0.4439718 0.1980263 0.195636
0 0.4049342 0.2048816 0.0546052 0.0258875
0 0.9269736 0.4543269 0.093421 0.0632396
0 0.9634868 0.4918639 0.0730263 0.0673076
0 0.6930921 0.4408284 0.1388157 0.1368343
0 0.0999999 0.4473002 0.0776315 0.0869082
0 0.2131578 0.5430843 0.1697368 0.0824704
0 0.4217105 0.3602071 0.1144736 0.1131656
0 0.618421 0.3777736 0.0802631 0.0802514
0 0.8174342 0.4267751 0.1506578 0.0902366
0 0.1335526 0.5700813 0.075 0.0780325
0 0.1993421 0.5815458 0.0526315 0.0514053
0 0.1394736 0.3788831 0.1394736 0.1090976
