0 0.5223684 0.4909393 0.1026315 0.1275887
0 0.3730263 0.4517381 0.1986842 0.1985946
0 0.7480263 0.3840606 0.1210526 0.0809911
0 0.1976973 0.3550295 0.1032894 0.1153846
0 0.0532894 0.4156804 0.1065789 0.1656804
0 0.2036184 0.4108727 0.0611842 0.0428994
0 0.443421 0.3487426 0.1855263 0.0850591
0 0.6805921 0.3563239 0.1151315 0.0980029
0 0.8835526 0.308247 0.2328947 0.1379437
0 0.8730263 0.4524778 0.1105263 0.0809911
0 0.6296052 0.4025517 0.1223684 0.0972633
0 0.1315789 0.397744 0.1039473 0.139423
0 0.8638157 0.3846153 0.2723684 0.1434911
0 0.8976973 0.2244822 0.1967105 0.1013313
