0 0.8835526 0.5482618 0.1144736 0.1386834
0 0.7763157 0.518676 0.1131578 0.095784
0 0.5703947 0.3988535 0.1039473 0.0351331
0 0.962171 0.3785133 0.0756578 0.1616124
0 0.2072368 0.4190088 0.0723684 0.0717455
0 0.0299342 0.4534023 0.0598684 0.0798816
0 0.3733552 0.4419378 0.1138157 0.1013313
0 0.6710526 0.4132766 0.0763157 0.0632396
0 0.0503289 0.3282174 0.1006578 0.060281
0 0.8898026 0.4007026 0.1822368 0.2045118
0 0.95 0.5048076 0.0999999 0.1139053
0 0.80625 0.383136 0.1953947 0.2085798
0 0.6115131 0.4534023 0.0914473 0.0909763
