0 0.1092105 0.6139053 0.1710526 0.1590236
0 0.487171 0.4434171 0.0901315 0.1272189
0 0.968421 0.4132766 0.0631578 0.0735946
0 0.043421 0.4199334 0.0368421 0.0292159
0 0.5631578 0.516642 0.0710526 0.079142
0 0.2098684 0.6556952 0.0842105 0.1183431
0 0.6164473 0.3639053 0.1157894 0.125
0 0.6296052 0.4779955 0.0473684 0.060281
0 0.8013157 0.5011094 0.0960526 0.0532544
0 0.1532894 0.389423 0.0802631 0.0606508
0 0.7398026 0.4452662 0.2046052 0.1767751
0 0.1641447 0.4476701 0.0888157 0.0647189
0 0.399671 0.4164201 0.1006578 0.1346153
0 0.2851973 0.412352 0.1243421 0.0961538
0 0.2194078 0.4774408 0.0927631 0.0813609
0 0.0858552 0.4694896 0.0756578 0.0787721
0 0.1023026 0.7276257 0.1651315 0.1283284
0 0.9019736 0.4511834 0.1263157 0.1139053
