0 0.7493421 0.3744452 0.0960526 0.0484467
0 0.0828947 0.5859837 0.0894736 0.0869082
0 0.0999999 0.4421227 0.1197368 0.0506656
0 0.5927631 0.5258875 0.0631578 0.089497
0 0.1707236 0.4807692 0.0703947 0.0532544
0 0.9519736 0.4694896 0.0921052 0.0817307
0 0.3417763 0.4815088 0.0967105 0.0658284
0 0.8894736 0.5131286 0.1355263 0.116494
0 0.7009868 0.4907544 0.0703947 0.0465976
0 0.5898026 0.4365754 0.0914473 0.0750739
0 0.6631578 0.4622781 0.1092105 0.0968934
0 0.8756578 0.4363905 0.1381578 0.0761834
