0 0.9095394 0.4639423 0.1243421 0.1017011
0 0.3207236 0.5109097 0.1243421 0.0817307
0 0.4236842 0.4509985 0.0960526 0.1231508
0 0.8480263 0.3149038 0.1671052 0.0632396
0 0.2207236 0.5649038 0.1546052 0.1741863
0 0.7407894 0.3254437 0.1289473 0.0968934
0 0.3819078 0.3653846 0.1230263 0.1205621
0 0.0891447 0.4670857 0.1782894 0.1893491
0 0.8710526 0.2426035 0.1644736 0.0902366
0 0.8713815 0.375 0.2572368 0.0954142
0 0.6457236 0.4950073 0.1282894 0.1460798
0 0.7374999 0.4325073 0.1565789 0.0906065
0 0.555921 0.4278846 0.243421 0.237426
0 0.3299342 0.1392381 0.0822368 0.0580621
