0 0.7078947 0.4393491 0.15 0.125
0 0.9427631 0.3548446 0.1144736 0.1719674
0 0.1953947 0.5641642 0.0657894 0.0632396
0 0.5674342 0.449889 0.0651315 0.0943047
0 0.1888157 0.3380177 0.1342105 0.1494082
0 0.1157894 0.4232618 0.0973684 0.1201923
0 0.2664473 0.539386 0.1710526 0.2422337
0 0.5013157 0.4240014 0.0815789 0.1172337
0 0.5963815 0.3363535 0.1322368 0.106139
0 0.3950657 0.3995931 0.1032894 0.0403106
0 0.90625 0.3393121 0.1190789 0.1135355
0 0.349671 0.2928994 0.0572368 0.0806213
0 0.3266447 0.410318 0.1046052 0.0772928
