0 0.6526315 0.4325073 0.0802631 0.0950443
0 0.505921 0.4606139 0.1315789 0.1142751
0 0.4713815 0.5367973 0.1019736 0.0462278
0 0.8842105 0.747781 0.093421 0.1065088
0 0.78125 0.4848372 0.0980263 0.1301775
0 0.5726973 0.4230769 0.0835526 0.0687869
0 0.0914473 0.479105 0.1118421 0.1127958
0 0.3707236 0.4264053 0.1572368 0.099852
0 0.9509868 0.7640532 0.0980263 0.1664201
0 0.2578947 0.4900147 0.0842105 0.1390532
0 0.7305921 0.5872781 0.1217105 0.1494082
0 0.6263157 0.5819156 0.1197368 0.0980029
0 0.73125 0.4607988 0.1151315 0.1220414
0 0.8615131 0.5051775 0.0980263 0.1671597
0 0.0427631 0.3892381 0.0855263 0.0772928
