0 0.105921 0.3714866 0.1631578 0.1002218
0 0.9680921 0.4476701 0.0506578 0.0425295
0 0.6753289 0.4863165 0.0848684 0.0991124
0 0.1667763 0.4480399 0.0414473 0.0099852
0 0.0529605 0.289386 0.105921 0.0943047
0 0.5588815 0.3975591 0.0651315 0.1213017
0 0.5253289 0.5680473 0.0598684 0.0384615
0 0.1029605 0.497781 0.1361842 0.1109467
0 0.8299342 0.4611686 0.0967105 0.0902366
0 0.7118421 0.3984837 0.1986842 0.0758136
0 0.8509868 0.3809171 0.1677631 0.0857988
0 0.1447368 0.2390902 0.0421052 0.0203402
0 0.6016447 0.4252958 0.0532894 0.0303254
0 0.4565789 0.5922707 0.0828947 0.1327662
