0 0.6802631 0.431213 0.118421 0.1286982
0 0.2927631 0.3794378 0.1105263 0.0902366
0 0.1763157 0.4484097 0.0618421 0.0780325
0 0.8776315 0.4513683 0.1447368 0.106139
0 0.3279605 0.4463757 0.0769736 0.0480769
0 0.5358552 0.4254807 0.0796052 0.0869082
0 0.7648026 0.4323224 0.0927631 0.0902366
0 0.8539473 0.3420857 0.2407894 0.1279585
0 0.4769736 0.3657544 0.0907894 0.053994
0 0.212171 0.3306213 0.0901315 0.0399408
0 0.9575657 0.4829881 0.0611842 0.0710059
0 0.2375 0.4275147 0.0605263 0.0221893
0 0.8858552 0.5467825 0.1203947 0.1209319
0 0.1345394 0.4325073 0.1296052 0.106139
0 0.0884868 0.331176 0.1203947 0.0625
0 0.2141447 0.3814718 0.0756578 0.0551035
