0 0.7144736 0.4480399 0.1697368 0.1098372
0 0.5911184 0.4204881 0.0914473 0.0857988
0 0.8993421 0.9182692 0.1381578 0.1153846
0 0.7802631 0.4101331 0.1105263 0.0502958
0 0.91875 0.5514053 0.0888157 0.0739644
0 0.8197368 0.4883505 0.0552631 0.0506656
0 0.0424342 0.3975591 0.0848684 0.1360946
0 0.2786184 0.5046227 0.0940789 0.0765532
0 0.4289473 0.5545488 0.1131578 0.0676775
0 0.0381578 0.5197855 0.0763157 0.0780325
0 0.1888157 0.3341346 0.0815789 0.0417899
0 0.7687499 0.5347633 0.0796052 0.0761834
0 0.4292763 0.4493343 0.1796052 0.1434911
0 0.3424342 0.3524408 0.0901315 0.0443786
