0 0.3424342 0.4005177 0.1888157 0.1153846
0 0.4243421 0.4964866 0.1342105 0.1150147
0 0.3898026 0.6120562 0.0625 0.0747041
0 0.5759868 0.4441568 0.0651315 0.0377218
0 0.318421 0.5151627 0.0802631 0.1213017
0 0.9391447 0.5970784 0.0598684 0.0366124
0 0.8743421 0.6213017 0.0499999 0.0502958
0 0.1161184 0.5530695 0.1914473 0.2555473
0 0.6516447 0.5588017 0.1203947 0.1198224
0 0.7628289 0.5460428 0.0625 0.0765532
0 0.6664473 0.416605 0.0986842 0.1046597
0 0.2325657 0.4489644 0.1164473 0.1050295
0 0.8447368 0.4992603 0.1263157 0.122781
0 0.0773026 0.4245562 0.0980263 0.0517751
0 0.63125 0.4818786 0.0940789 0.0643491
