0 0.8960526 0.4480399 0.0842105 0.0883875
0 0.3305921 0.4045857 0.1072368 0.0340236
0 0.5759868 0.4125369 0.1006578 0.0440088
0 0.6927631 0.6518121 0.075 0.0632396
0 0.0539473 0.4021819 0.1078947 0.1771449
0 0.7082236 0.3953402 0.0690789 0.0599112
0 0.1421052 0.3759245 0.0947368 0.0684171
0 0.362171 0.4715236 0.0848684 0.0917159
0 0.5940789 0.4528476 0.0552631 0.0306952
0 0.6828947 0.4132766 0.0552631 0.0543639
0 0.5055921 0.3670488 0.0888157 0.0625
0 0.8177631 0.4343565 0.0881578 0.0661982
0 0.2749999 0.4448964 0.0855263 0.053994
