0 0.5499999 0.3348742 0.0868421 0.1157544
0 0.9713815 0.4480399 0.0572368 0.0735946
0 0.0917763 0.59375 0.0638157 0.060281
0 0.7421052 0.3609467 0.1013157 0.0872781
0 0.5595394 0.4400887 0.1256578 0.1516272
0 0.318421 0.4615384 0.075 0.0776627
0 0.8598684 0.4534023 0.1065789 0.0813609
0 0.4365131 0.4783653 0.0848684 0.0817307
0 0.4947368 0.558247 0.0776315 0.0440088
0 0.0615131 0.4702292 0.1072368 0.1993343
0 0.8565789 0.3428254 0.075 0.0473372
0 0.6506578 0.335244 0.1131578 0.1601331
0 0.3585526 0.6714127 0.0657894 0.1401627
0 0.1625 0.5147928 0.1342105 0.1368343
