0 0.8220394 0.3409763 0.0822368 0.089497
0 0.5342105 0.4075443 0.1605263 0.1568047
0 0.580921 0.2276257 0.1263157 0.0950443
0 0.4450657 0.4175295 0.0861842 0.0880177
0 0.2532894 0.5826553 0.0868421 0.1017011
0 0.1888157 0.3117603 0.0868421 0.066568
0 0.9710526 0.6000369 0.0578947 0.1098372
0 0.0720394 0.449889 0.1164473 0.1083579
0 0.6674342 0.3881286 0.1348684 0.1372041
0 0.1421052 0.4543269 0.0842105 0.0425295
0 0.205921 0.39571 0.1302631 0.0850591
0 0.3549342 0.383321 0.1703947 0.1505177
0 0.7095394 0.4877958 0.0572368 0.1013313
