0 0.1970394 0.6151997 0.0927631 0.1068786
0 0.9835526 0.4454511 0.0328947 0.0625
0 0.2720394 0.5787721 0.0953947 0.0650887
0 0.5605263 0.5636094 0.0855263 0.0399408
0 0.3273026 0.4454511 0.1111842 0.0839497
0 0.6440789 0.4558062 0.0828947 0.118713
0 0.1332236 0.3178624 0.0730263 0.0351331
0 0.0736842 0.6015162 0.1473684 0.141642
0 0.7924342 0.3086168 0.0914473 0.0758136
0 0.0565789 0.3995931 0.0842105 0.0684171
0 0.4411184 0.4099482 0.0730263 0.0839497
0 0.5625 0.3711168 0.0605263 0.0284763
0 0.2351973 0.3598372 0.0822368 0.0732248
0 0.2743421 0.4813239 0.0789473 0.0588017
0 0.0335526 0.4630177 0.0671052 0.0732248
0 0.4078947 0.4741124 0.1144736 0.079142
0 0.1825657 0.416605 0.0940789 0.0669378
0 0.8174342 0.4079142 0.1348684 0.1286982
