0 0.0378289 0.4676405 0.0756578 0.0846893
0 0.3753289 0.6558801 0.1203947 0.0676775
0 0.3269736 0.4648668 0.0486842 0.033284
0 0.430921 0.4900147 0.1578947 0.1323964
0 0.9 0.4593195 0.0697368 0.0695266
0 0.6506578 0.4842825 0.125 0.1771449
0 0.8378289 0.4190088 0.0967105 0.0806213
0 0.118421 0.5188609 0.1526315 0.1131656
0 0.5177631 0.5303254 0.1013157 0.1183431
0 0.3753289 0.5024038 0.0756578 0.0462278
0 0.4016447 0.4090236 0.0927631 0.0443786
0 0.1743421 0.4358357 0.1421052 0.0639792
0 0.8075657 0.5336538 0.1006578 0.1516272
