0 0.8526315 0.483173 0.1171052 0.0654585
0 0.8542763 0.4238165 0.0980263 0.0687869
0 0.4625 0.3929363 0.0907894 0.1157544
0 0.9210526 0.318602 0.1407894 0.129068
0 0.6026315 0.4443417 0.1105263 0.0928254
0 0.3536184 0.2843934 0.1230263 0.0983727
0 0.2381578 0.6384985 0.0763157 0.0684171
0 0.2690789 0.4334319 0.1486842 0.0547337
0 0.1009868 0.4670857 0.1085526 0.102071
0 0.7065789 0.4105029 0.0855263 0.0732248
0 0.5253289 0.6446005 0.1203947 0.1087278
0 0.1894736 0.3921967 0.1907894 0.0647189
0 0.8131578 0.3235946 0.0723684 0.0451183
