0 0.7467105 0.4607988 0.1460526 0.1383136
0 0.7832236 0.3531804 0.0677631 0.0954142
0 0.5825657 0.4718934 0.0664473 0.0384615
0 0.2763157 0.5563979 0.0894736 0.1046597
0 0.1210526 0.4757766 0.0947368 0.1009615
0 0.4986842 0.4574704 0.0894736 0.0421597
0 0.4141447 0.5147928 0.0690789 0.0821005
0 0.0223684 0.531065 0.0447368 0.1035502
0 0.3315789 0.4293639 0.0815789 0.1005917
0 0.6417763 0.3701923 0.1230263 0.1368343
0 0.9835526 0.4565458 0.0328947 0.1179733
0 0.418421 0.4215976 0.0815789 0.0909763
0 0.3332236 0.5127588 0.0796052 0.0883875
0 0.2138157 0.5049926 0.1315789 0.106139
