0 0.0417763 0.6653106 0.0835526 0.0924556
0 0.2927631 0.4509985 0.1013157 0.1675295
0 0.0335526 0.4521079 0.0671052 0.1564349
0 0.5881578 0.3807322 0.1263157 0.1076183
0 0.4355263 0.4881656 0.0842105 0.1116863
0 0.6940789 0.3962647 0.1052631 0.0528846
0 0.2164473 0.3970044 0.1460526 0.1298076
0 0.3450657 0.3431952 0.1046052 0.0754437
0 0.4203947 0.3779585 0.0921052 0.1102071
0 0.8421052 0.3014053 0.193421 0.1050295
0 0.5 0.5070266 0.1039473 0.168639
0 0.9 0.3857248 0.1197368 0.1323964
0 0.9470394 0.4350961 0.105921 0.1105769
0 0.6259868 0.5173816 0.1480263 0.1723372
