0 0.5710526 0.3455991 0.0881578 0.1105769
0 0.94375 0.3306213 0.1085526 0.168639
0 0.6049342 0.4210428 0.1072368 0.1142751
0 0.0667763 0.3267381 0.0875 0.0595414
0 0.1552631 0.3333949 0.1078947 0.039571
0 0.3003289 0.4031065 0.1217105 0.1116863
0 0.6930921 0.3034393 0.1243421 0.1497781
0 0.6266447 0.2370562 0.1401315 0.1538461
0 0.1782894 0.4718934 0.0881578 0.0976331
0 0.5095394 0.4154955 0.1125 0.1076183
0 0.3868421 0.3382026 0.118421 0.1549556
0 0.5098684 0.2324334 0.1539473 0.1778846
0 0.9328947 0.5367973 0.0618421 0.0425295
0 0.7980263 0.5170118 0.0644736 0.0369822
