0 0.9365131 0.3049186 0.1269736 0.1379437
0 0.1075657 0.262389 0.1440789 0.0772928
0 0.3723684 0.4273298 0.0828947 0.0809911
0 0.4194078 0.4713387 0.0835526 0.0639792
0 0.5118421 0.4959319 0.0999999 0.1131656
0 0.0440789 0.4571005 0.0881578 0.1449704
0 0.7631578 0.2718195 0.0486842 0.0221893
0 0.2470394 0.4815088 0.0993421 0.0821005
0 0.1279605 0.4243713 0.1098684 0.1002218
0 0.6342105 0.4005177 0.1447368 0.2048816
0 0.2697368 0.4225221 0.1381578 0.1039201
0 0.2503289 0.5621301 0.0730263 0.0591715
0 0.7881578 0.4154955 0.1671052 0.1571745
