0 0.383333 0.569141 0.080556 0.113281
0 0.484722 0.606641 0.080556 0.119531
0 0.081250 0.484766 0.070833 0.105469
0 0.132639 0.470703 0.059722 0.072656
0 0.627083 0.423047 0.068056 0.099219
0 0.224306 0.370312 0.079167 0.048438
0 0.434722 0.398438 0.083333 0.087500
0 0.398611 0.427344 0.061111 0.064062
0 0.546528 0.389062 0.065278 0.042188
0 0.298611 0.453125 0.058333 0.042188
0 0.352083 0.453906 0.051389 0.050000
0 0.528472 0.465625 0.056944 0.050000
0 0.195139 0.472656 0.073611 0.051562
0 0.740278 0.476172 0.127778 0.088281
0 0.709722 0.400781 0.108333 0.059375
0 0.831944 0.422266 0.094444 0.063281
0 0.929167 0.458203 0.072222 0.099219
0 0.965278 0.471094 0.069444 0.106250
0 0.957639 0.379297 0.059722 0.058594
0 0.977778 0.358203 0.044444 0.049219
0 0.013889 0.532813 0.025000 0.050000
0 0.834028 0.560937 0.056944 0.085938
0 0.598611 0.617578 0.052778 0.044531
0 0.322222 0.608984 0.052778 0.055469
0 0.245833 0.438672 0.047222 0.063281
0 0.197222 0.420312 0.041667 0.034375
0 0.032639 0.425781 0.051389 0.034375
