0 0.7466666 0.541944 0.1166666 0.1944074
0 0.2225 0.4853528 0.115 0.1611185
0 0.1991666 0.5406125 0.0683333 0.0958721
0 0.165 0.5559254 0.0666666 0.1105193
0 0.0116666 0.5745672 0.0233333 0.1398135
0 0.8875 0.5312916 0.0683333 0.0852197
0 0.4516666 0.5093209 0.0666666 0.1025299
0 0.8466666 0.5499334 0.0733333 0.093209
0 0.0675 0.5206391 0.115 0.1571238
0 0.105 0.5199733 0.1166666 0.1930758
0 0.8083333 0.5825565 0.0766666 0.0998668
0 0.9316666 0.5399467 0.0666666 0.081225
0 0.6425 0.6151797 0.1083333 0.1677762
0 0.7675 0.5905459 0.1016666 0.1584553
0 0.4033333 0.5292942 0.0666666 0.1105193
