0 0.4975 0.6358189 0.0683333 0.174434
0 0.985 0.5459387 0.03 0.1011984
0 0.6725 0.5938748 0.0383333 0.0825565
0 0.6308333 0.5965379 0.0383333 0.0985352
0 0.4191666 0.5645805 0.0383333 0.093209
0 0.455 0.5785619 0.0366666 0.1105193
0 0.9266666 0.5805592 0.0433333 0.1065246
0 0.2066666 0.6398135 0.06 0.174434
0 0.1808333 0.6304926 0.065 0.1637816
0 0.8558333 0.6118508 0.0416666 0.1078561
0 0.5516666 0.5772303 0.0366666 0.0998668
0 0.8808333 0.6025299 0.0483333 0.105193
0 0.8066666 0.6611185 0.0533333 0.1478029
0 0.5308333 0.5778961 0.0383333 0.0798934
0 0.6491666 0.6844207 0.0683333 0.1757656
0 0.7825 0.6591211 0.0583333 0.1251664
