0 0.0241666 0.6078561 0.0483333 0.0838881
0 0.4825 0.8362183 0.1083333 0.1890812
0 0.3966666 0.725699 0.1166666 0.1544607
0 0.9533333 0.6471371 0.0666666 0.093209
0 0.65 0.7336884 0.1133333 0.1544607
0 0.7233333 0.7330226 0.1133333 0.150466
0 0.7308333 0.6145139 0.0683333 0.0972037
0 0.25 0.7969374 0.1133333 0.195739
0 0.3091666 0.7516644 0.1083333 0.1424766
0 0.8475 0.656458 0.115 0.1517976
0 0.0216666 0.7237017 0.0433333 0.1877496
0 0.2108333 0.7616511 0.115 0.1810918
0 0.785 0.6970705 0.1133333 0.1611185
