0 0.9883333 0.6258322 0.0233333 0.0852197
0 0.3025 0.6245006 0.065 0.1011984
0 0.4241666 0.617177 0.065 0.0838881
0 0.2266666 0.6271637 0.0666666 0.1145139
0 0.8525 0.7103861 0.0883333 0.1371504
0 0.52 0.6584553 0.0666666 0.0972037
0 0.7558333 0.7569906 0.1116666 0.1451398
0 0.4483333 0.5972037 0.0666666 0.0865512
0 0.5091666 0.6371504 0.0683333 0.0972037
0 0.1508333 0.6890812 0.115 0.1611185
0 0.6258333 0.7556591 0.115 0.1877496
0 0.3608333 0.707723 0.115 0.195739
0 0.0525 0.6864181 0.105 0.1664447
0 0.3258333 0.7483355 0.115 0.1970705
