0 0.9183333 0.5193075 0.0433333 0.093209
0 0.9375 0.5332889 0.0416666 0.0892143
0 0.9841666 0.4920106 0.0316666 0.0865512
0 0.8791666 0.5818908 0.0483333 0.1198402
0 0.5166666 0.5559254 0.0433333 0.0998668
0 0.7033333 0.5372836 0.0566666 0.1664447
0 0.0541666 0.5885486 0.0416666 0.0958721
0 0.0141666 0.5865512 0.0283333 0.1078561
0 0.7716666 0.5565912 0.0633333 0.1517976
0 0.4833333 0.5472703 0.04 0.0878828
0 0.3966666 0.4946737 0.0433333 0.0998668
0 0.4191666 0.517976 0.0383333 0.0878828
0 0.3025 0.541944 0.0716666 0.1890812
0 0.61 0.5925432 0.0733333 0.1597869
0 0.2691666 0.5612516 0.0716666 0.2037283
0 0.1358333 0.517976 0.075 0.1757656
0 0.5858333 0.5279627 0.0716666 0.1531291
