0 0.9675 0.5366178 0.065 0.1038615
0 0.5933333 0.5579227 0.0633333 0.0985352
0 0.3525 0.5133155 0.1083333 0.1398135
0 0.0783333 0.5685752 0.1066666 0.1358189
0 0.22 0.4940079 0.1133333 0.1438082
0 0.535 0.5426098 0.0666666 0.0838881
0 0.7316666 0.5532623 0.11 0.1850865
0 0.1341666 0.5945406 0.0683333 0.105193
0 0.215 0.5645805 0.0633333 0.1011984
0 0.8175 0.5785619 0.1116666 0.1717709
0 0.4308333 0.5792276 0.1083333 0.1864181
0 0.8691666 0.6198402 0.1016666 0.1691078
0 0.9183333 0.5605858 0.08 0.1304926
