0 0.4775 0.6950732 0.065 0.1917443
0 0.3275 0.6544607 0.0683333 0.1637816
0 0.6275 0.6085219 0.0383333 0.1038615
0 0.13 0.6065246 0.07 0.1797603
0 0.175 0.6784287 0.0666666 0.1770972
0 0.5191666 0.6697736 0.065 0.1597869
0 0.8533333 0.5818908 0.04 0.1038615
0 0.8333333 0.5545938 0.04 0.1025299
0 0.8916666 0.5985352 0.0666666 0.1717709
0 0.7733333 0.575233 0.0666666 0.1757656
0 0.9925 0.5998668 0.015 0.0972037
0 0.0633333 0.553928 0.04 0.1091877
0 0.2208333 0.5619174 0.0383333 0.1011984
0 0.3941666 0.605193 0.0383333 0.0838881
0 0.7033333 0.5772303 0.0366666 0.0998668
