0 0.445 0.6198402 0.07 0.1557922
0 0.03 0.5745672 0.04 0.1078561
0 0.0166666 0.5832223 0.0333333 0.117177
0 0.575 0.5878828 0.07 0.1478029
0 0.3016666 0.5279627 0.04 0.1131824
0 0.0675 0.5252996 0.075 0.174434
0 0.1675 0.4793608 0.0716666 0.1677762
0 0.9833333 0.4793608 0.0333333 0.0958721
0 0.8525 0.5659121 0.0416666 0.0985352
0 0.8866666 0.5233022 0.0433333 0.093209
0 0.72 0.5818908 0.06 0.1358189
0 0.9216666 0.5312916 0.04 0.1038615
0 0.7725 0.5892143 0.055 0.1291611
0 0.4375 0.5226364 0.0716666 0.1904127
0 0.8025 0.569241 0.045 0.1211717
0 0.6966666 0.6011984 0.0533333 0.1211717
0 0.0841666 0.5226364 0.075 0.1557922
