0 0.8758333 0.5392809 0.055 0.117177
0 0.0866666 0.5339547 0.0866666 0.1810918
0 0.7566666 0.5399467 0.0633333 0.1211717
0 0.7 0.5912117 0.0766666 0.1304926
0 0.8441666 0.5645805 0.0683333 0.1198402
0 0.5875 0.5739014 0.0516666 0.0852197
0 0.6766666 0.5599201 0.08 0.1424766
0 0.51 0.5952063 0.0866666 0.1571238
0 0.9216666 0.5366178 0.0533333 0.0852197
0 0.17 0.4986684 0.09 0.1877496
0 0.8041666 0.5346205 0.0516666 0.1078561
0 0.5508333 0.5579227 0.0916666 0.1784287
0 0.2125 0.5499334 0.085 0.1810918
0 0.0016666 0.4940079 0.0033333 0.023968
0 0.3425 0.553928 0.0883333 0.1837549
