0 0.4966666 0.6338215 0.14 0.1677762
0 0.2258333 0.563249 0.1383333 0.1784287
0 0.0041666 0.6970705 0.0083333 0.0572569
0 0.8391666 0.6205059 0.0816666 0.0958721
0 0.86 0.6125166 0.08 0.0852197
0 0.4258333 0.5332889 0.0783333 0.0838881
0 0.9233333 0.5659121 0.0933333 0.1065246
0 0.1141666 0.6165113 0.1316666 0.1544607
0 0.1666666 0.617177 0.14 0.1797603
0 0.7691666 0.626498 0.0983333 0.126498
0 0.5608333 0.6877496 0.1016666 0.150466
0 0.7091666 0.6451398 0.115 0.1371504
0 0.9658333 0.5519307 0.0683333 0.081225
