0 0.8741666 0.5439414 0.0983333 0.174434
0 0.6291666 0.5286284 0.095 0.207723
0 0.385 0.5439414 0.0533333 0.0945406
0 0.2033333 0.5519307 0.0533333 0.0865512
0 0.045 0.5625832 0.09 0.1770972
0 0.7783333 0.5346205 0.0533333 0.0945406
0 0.7441666 0.5386151 0.055 0.1105193
0 0.9566666 0.5492676 0.0633333 0.1105193
0 0.5366666 0.5466045 0.0933333 0.1637816
0 0.7091666 0.5725699 0.055 0.1145139
0 0.99 0.5905459 0.02 0.1158455
0 0.6916666 0.5186418 0.0566666 0.1078561
0 0.1808333 0.5599201 0.055 0.0865512
0 0.3933333 0.5326231 0.0533333 0.1118508
0 0.5658333 0.484687 0.055 0.0878828
