0 0.09 0.5785619 0.04 0.1131824
0 0.2133333 0.5399467 0.04 0.1131824
0 0.7883333 0.5699067 0.04 0.117177
0 0.5016666 0.5639147 0.04 0.0945406
0 0.9783333 0.5206391 0.0433333 0.117177
0 0.9433333 0.5432756 0.04 0.0958721
0 0.9033333 0.5765645 0.05 0.1411451
0 0.3808333 0.4920106 0.075 0.174434
0 0.7358333 0.599201 0.0716666 0.1917443
0 0.2666666 0.5066577 0.0733333 0.2063914
0 0.0033333 0.5858854 0.0066666 0.1065246
0 0.8333333 0.5439414 0.0566666 0.1557922
0 0.4091666 0.5406125 0.0416666 0.1011984
0 0.4775 0.5432756 0.0416666 0.0985352
