0 0.1725 0.5852197 0.0383333 0.0838881
0 0.1483333 0.5832223 0.04 0.0905459
0 0.5808333 0.6604527 0.0683333 0.1917443
0 0.3125 0.5685752 0.0383333 0.1038615
0 0.0266666 0.6178428 0.04 0.1011984
0 0.3558333 0.5452729 0.0383333 0.0998668
0 0.65 0.7103861 0.06 0.1344873
0 0.2233333 0.5739014 0.04 0.0958721
0 0.0083333 0.6498002 0.0166666 0.1731025
0 0.0841666 0.6065246 0.065 0.1691078
0 0.9775 0.5472703 0.0383333 0.1091877
0 0.9358333 0.5845539 0.0383333 0.1091877
0 0.8933333 0.5525965 0.04 0.0852197
0 0.7625 0.6338215 0.055 0.1145139
0 0.48 0.6165113 0.0666666 0.1464713
0 0.7908333 0.6145139 0.045 0.105193
0 0.3866666 0.6091877 0.0666666 0.1451398
