0 0.4041666 0.7170439 0.115 0.150466
0 0.5866666 0.6338215 0.0666666 0.0958721
0 0.0441666 0.6890812 0.0883333 0.150466
0 0.1483333 0.7336884 0.1166666 0.1704394
0 0.545 0.6551264 0.0633333 0.0825565
0 0.7816666 0.7609853 0.1066666 0.1691078
0 0.5775 0.7503328 0.115 0.1850865
0 0.0225 0.7263648 0.045 0.1824234
0 0.9825 0.7190412 0.035 0.1571238
0 0.8475 0.6458055 0.1183333 0.1677762
0 0.1016666 0.6378162 0.0666666 0.093209
0 0.6183333 0.6371504 0.0633333 0.1105193
0 0.68 0.6364846 0.0666666 0.1038615
