0 0.5491666 0.5266311 0.0716666 0.1824234
0 0.1341666 0.5765645 0.0416666 0.0985352
0 0.7966666 0.5432756 0.04 0.1145139
0 0.0375 0.626498 0.075 0.174434
0 0.0141666 0.6271637 0.0283333 0.1890812
0 0.8583333 0.5818908 0.04 0.1145139
0 0.2433333 0.5858854 0.07 0.1571238
0 0.3325 0.5372836 0.0716666 0.1557922
0 0.8966666 0.5938748 0.04 0.1145139
0 0.08 0.6298268 0.07 0.1677762
0 0.74 0.5233022 0.07 0.1517976
0 0.6375 0.5599201 0.0683333 0.195739
0 0.4883333 0.5778961 0.07 0.1491344
0 0.6983333 0.523968 0.0766666 0.195739
